# e       ex0.0       as0.0      ex0.8       as0.8       ex1.3    hf0      hf0.8    hf 1.3
-2.500000 0.000000   0.000000   0.000000    0.000000   0.000000  0.00000   0.000000    0.00000
-2.495000 0.000000   0.000000   0.000000    0.000000   0.000000  0.00000   0.000000    0.00000
-2.490000 0.000000   0.000000   0.000000    0.000000   0.000000  0.00000   0.000000    0.00000
-2.485000 0.000000   0.000000   0.000000    0.000000   0.000000  0.00000   0.000000    0.00000
-2.480000 0.000000   0.000000   0.000000    0.000000   0.000000  0.00000   0.000000    0.00000
-2.475000 0.000000   0.000000   0.000000    0.000000   0.000000  0.00000   0.000000    0.00000
-2.470000 0.000000   0.000000   0.000000    0.000000   0.000000  0.00000   0.000000    0.00000
-2.465000 0.000000   0.000000   0.000000    0.000000   0.000000  0.00000   0.000000    0.00000
-2.460000 0.000000   0.000000   0.000000    0.000000   0.000000  0.00000   0.000000    0.00000
-2.455000 0.000000   0.000000   0.000000    0.000000   0.000000  0.00000   0.000000    0.00000
-2.450000 0.000000   0.000000   0.000000    0.000000   0.000000  0.00000   0.000000    0.00000
-2.445000 0.000000   0.000000   0.000000    0.000000   0.000000  0.00000   0.000000    0.00000
-2.440000 0.000000   0.000000   0.000000    0.000000   0.000000  0.00000   0.000000    0.00000
-2.435000 0.000000   0.000000   0.000000    0.000000   0.000000  0.00000   0.000000    0.00000
-2.430000 0.000000   0.000000   0.000000    0.000000   0.000000  0.00000   0.000000    0.00000
-2.425000 0.000000   0.000000   0.000000    0.000000   0.000000  0.00000   0.000000    0.00000
-2.420000 0.000000   0.000000   0.000000    0.000000   0.000000  0.00000   0.000000    0.00000
-2.415000 0.000000   0.000000   0.000000    0.000000   0.000000  0.00000   0.000000    0.00000
-2.410000 0.000000   0.000000   0.000000    0.000000   0.000000  0.00000   0.000000    0.00000
-2.405000 0.000000   0.000000   0.000000    0.000000   0.000000  0.00000   0.000000    0.00000
-2.400000 0.000000   0.000000   0.000000    0.000000   0.000000  0.00000   0.000000    0.00000
-2.395000 0.000000   0.000000   0.000000    0.000000   0.000000  0.00000   0.000000    0.00000
-2.390000 0.000000   0.000000   0.000000    0.000000   0.000000  0.00000   0.000000    0.00000
-2.385000 0.000000   0.000000   0.000000    0.000000   0.000000  0.00000   0.000000    0.00000
-2.380000 0.000000   0.000000   0.000000    0.000000   0.000000  0.00000   0.000000    0.00000
-2.375000 0.000000   0.000000   0.000000    0.000000   0.000000  0.00000   0.000000    0.00000
-2.370000 0.000000   0.000000   0.000000    0.000000   0.000000  0.00000   0.000000    0.00000
-2.365000 0.000000   0.000000   0.000000    0.000000   0.000000  0.00000   0.000000    0.00000
-2.360000 0.000000   0.000000   0.000000    0.000000   0.000000  0.00000   0.000000    0.00000
-2.355000 0.000000   0.000000   0.000000    0.000000   0.000000  0.00000   0.000000    0.00000
-2.350000 0.000000   0.000000   0.000000    0.000000   0.000000  0.00000   0.000000    0.00000
-2.345000 0.000000   0.000000   0.000000    0.000000   0.000000  0.00000   0.000000    0.00000
-2.340000 0.000000   0.000000   0.000000    0.000000   0.000000  0.00000   0.000000    0.00000
-2.335000 0.000000   0.000000   0.000000    0.000000   0.000000  0.00000   0.000000    0.00000
-2.330000 0.000000   0.000000   0.000000    0.000000   0.000000  0.00000   0.000000    0.00000
-2.325000 0.000000   0.000000   0.000000    0.000000   0.000000  0.00000   0.000000    0.00000
-2.320000 0.000000   0.000000   0.000000    0.000000   0.000000  0.00000   0.000000    0.00000
-2.315000 0.000000   0.000000   0.000000    0.000000   0.000000  0.00000   0.000000    0.00000
-2.310000 0.000000   0.000000   0.000000    0.000000   0.000000  0.00000   0.000000    0.00000
-2.305000 0.000000   0.000000   0.000000    0.000000   0.000000  0.00000   0.000000    0.00000
-2.300000 0.000000   0.000000   0.000000    0.000000   0.000000  0.00000   0.000000    0.00000
-2.295000 0.000000   0.000000   0.000000    0.000000   0.000000  0.00000   0.000000    0.00000
-2.290000 0.000000   0.000000   0.000000    0.000000   0.000000  0.00000   0.000000    0.00000
-2.285000 0.000000   0.000000   0.000000    0.000000   0.000000  0.00000   0.000000    0.00000
-2.280000 0.000000   0.000000   0.000000    0.000000   0.000000  0.00000   0.000000    0.00000
-2.275000 0.000000   0.000000   0.000000    0.000000   0.000000  0.00000   0.000000    0.00000
-2.270000 0.000000   0.000000   0.000000    0.000000   0.000000  0.00000   0.000000    0.00000
-2.265000 0.000000   0.000000   0.000000    0.000000   0.000000  0.00000   0.000000    0.00000
-2.260000 0.000000   0.000000   0.000000    0.000000   0.000000  0.00000   0.000000    0.00000
-2.255000 0.000000   0.000000   0.000000    0.000000   0.000000  0.00000   0.000000    0.00000
-2.250000 0.000000   0.000000   0.000000    0.000000   0.000000  0.00000   0.000000    0.00000
-2.245000 0.000000   0.000000   0.000000    0.000000   0.000000  0.00000   0.000000    0.00000
-2.240000 0.000000   0.000000   0.000000    0.000000   0.000000  0.00000   0.000000    0.00000
-2.235000 0.000000   0.000000   0.000000    0.000000   0.000000  0.00000   0.000000    0.00000
-2.230000 0.000000   0.000000   0.000000    0.000000   0.000000  0.00000   0.000000    0.00000
-2.225000 0.000000   0.000000   0.000000    0.000000   0.000000  0.00000   0.000000    0.00000
-2.220000 0.000000   0.000000   0.000000    0.000000   0.000000  0.00000   0.000000    0.00000
-2.215000 0.000000   0.000000   0.000000    0.000000   0.000000  0.00000   0.000000    0.00000
-2.210000 0.000000   0.000000   0.000000    0.000000   0.000000  0.00000   0.000000    0.00000
-2.205000 0.000000   0.000000   0.000000    0.000000   0.000000  0.00000   0.000000    0.00000
-2.200000 0.000000   0.000000   0.000000    0.000000   0.000000  0.00000   0.000000    0.00000
-2.195000 0.000000   0.000000   0.000000    0.000000   0.000000  0.00000   0.000000    0.00000
-2.190000 0.000000   0.000000   0.000000    0.000000   0.000000  0.00000   0.000000    0.00000
-2.185000 0.000000   0.000000   0.000000    0.000000   0.000000  0.00000   0.000000    0.00000
-2.180000 0.000000   0.000000   0.000000    0.000000   0.000000  0.00000   0.000000    0.00000
-2.175000 0.000000   0.000000   0.000000    0.000000   0.000000  0.00000   0.000000    0.00000
-2.170000 0.000000   0.000000   0.000000    0.000000   0.000000  0.00000   0.000000    0.00000
-2.165000 0.000000   0.000000   0.000000    0.000000   0.000000  0.00000   0.000000    0.00000
-2.160000 0.000000   0.000000   0.000000    0.000000   0.000000  0.00000   0.000000    0.00000
-2.155000 0.000000   0.000000   0.000000    0.000000   0.000000  0.00000   0.000000    0.00000
-2.150000 0.000000   0.000000   0.000000    0.000000   0.000000  0.00000   0.000000    0.00000
-2.145000 0.000000   0.000000   0.000000    0.000000   0.000000  0.00000   0.000000    0.00000
-2.140000 0.000000   0.000000   0.000000    0.000000   0.000000  0.00000   0.000000    0.00000
-2.135000 0.000000   0.000000   0.000000    0.000000   0.000000  0.00000   0.000000    0.00000
-2.130000 0.000000   0.000000   0.000000    0.000000   0.000000  0.00000   0.000000    0.00000
-2.125000 0.000000   0.000000   0.000000    0.000000   0.000000  0.00000   0.000000    0.00000
-2.120000 0.000000   0.000000   0.000000    0.000000   0.000000  0.00000   0.000000    0.00000
-2.115000 0.000000   0.000000   0.000000    0.000000   0.000000  0.00000   0.000000    0.00000
-2.110000 0.000000   0.000000   0.000000    0.000000   0.000000  0.00000   0.000000    0.00000
-2.105000 0.000000   0.000000   0.000000    0.000000   0.000000  0.00000   0.000000    0.00000
-2.100000 0.000000   0.000000   0.000000    0.000000   0.000000  0.00000   0.000000    0.00000
-2.095000 0.000000   0.000000   0.000000    0.000000   0.000000  0.00000   0.000000    0.00000
-2.090000 0.000000   0.000000   0.000000    0.000000   0.000000  0.00000   0.000000    0.00000
-2.085000 0.000000   0.000000   0.000000    0.000000   0.000000  0.00000   0.000000    0.00000
-2.080000 0.000000   0.000000   0.000000    0.000000   0.000000  0.00000   0.000000    0.00000
-2.075000 0.000000   0.000000   0.000000    0.000000   0.000000  0.00000   0.000000    0.00000
-2.070000 0.000000   0.000000   0.000000    0.000000   0.000000  0.00000   0.000000    0.00000
-2.065000 0.000000   0.000000   0.000000    0.000000   0.000000  0.00000   0.000000    0.00000
-2.060000 0.000000   0.000000   0.000000    0.000000   0.000000  0.00000   0.000000    0.00000
-2.055000 0.000000   0.000000   0.000000    0.000000   0.000000  0.00000   0.000000    0.00000
-2.050000 0.000000   0.000000   0.000000    0.000000   0.000000  0.00000   0.000000    0.00000
-2.045000 0.000000   0.000000   0.000000    0.000000   0.000000  0.00000   0.000000    0.00000
-2.040000 0.000000   0.000000   0.000000    0.000000   0.000000  0.00000   0.000000    0.00000
-2.035000 0.000000   0.000000   0.000000    0.000000   0.000000  0.00000   0.000000    0.00000
-2.030000 0.000000   0.000000   0.000000    0.000000   0.000000  0.00000   0.000000    0.00000
-2.025000 0.000000   0.000000   0.000000    0.000000   0.000000  0.00000   0.000000    0.00000
-2.020000 0.000000   0.000000   0.000000    0.000000   0.000000  0.00000   0.000000    0.00000
-2.015000 0.000000   0.000000   0.000000    0.000000   0.000000  0.00000   0.000000    0.00000
-2.010000 0.000000   0.000000   0.000000    0.000000   0.000000  0.00000   0.000000    0.00000
-2.005000 0.000000   0.000000   0.000000    0.000000   0.000000  0.00000   0.000000    0.00000
-2.000000 0.000000   0.000000   0.000000    0.000000   0.000000  0.00000   0.000000    0.00000
-1.995000 0.000000   0.000000   0.000000    0.000000   0.000000  0.00000   0.000000    0.00000
-1.990000 0.000000   0.000000   0.000000    0.000000   0.000000  0.00000   0.000000    0.00000
-1.985000 0.000000   0.000000   0.000000    0.000000   0.000000  0.00000   0.000000    0.00000
-1.980000 0.000000   0.000000   0.000000    0.000000   0.000000  0.00000   0.000000    0.00000
-1.975000 0.000000   0.000000   0.000000    0.000000   0.000000  0.00000   0.000000    0.00000
-1.970000 0.000000   0.000000   0.000000    0.000000   0.000000  0.00000   0.000000    0.00000
-1.965000 0.000000   0.000000   0.000000    0.000000   0.000000  0.00000   0.000000    0.00000
-1.960000 0.000000   0.000000   0.000000    0.000000   0.000000  0.00000   0.000000    0.00000
-1.955000 0.000000   0.000000   0.000000    0.000000   0.000000  0.00000   0.000000    0.00000
-1.950000 0.000000   0.000000   0.000000    0.000000   0.000000  0.00000   0.000000    0.00000
-1.945000 0.000000   0.000000   0.000000    0.000000   0.000000  0.00000   0.000000    0.00000
-1.940000 0.000000   0.000000   0.000000    0.000000   0.000000  0.00000   0.000000    0.00000
-1.935000 0.000000   0.000000   0.000000    0.000000   0.000000  0.00000   0.000000    0.00000
-1.930000 0.000000   0.000000   0.000000    0.000000   0.000000  0.00000   0.000000    0.00000
-1.925000 0.000000   0.000000   0.000000    0.000000   0.000000  0.00000   0.000000    0.00000
-1.920000 0.000000   0.000000   0.000000    0.000000   0.000000  0.00000   0.000000    0.00000
-1.915000 0.000000   0.000000   0.000000    0.000000   0.000000  0.00000   0.000000    0.00000
-1.910000 0.000000   0.000000   0.000000    0.000000   0.000000  0.00000   0.000000    0.00000
-1.905000 0.000000   0.000000   0.000000    0.000000   0.000000  0.00000   0.000000    0.00000
-1.900000 0.000000   0.000000   0.000000    0.000000   0.000000  0.00000   0.000000    0.00000
-1.895000 0.000000   0.000000   0.000000    0.000000   0.000000  0.00000   0.000000    0.00000
-1.890000 0.000000   0.000000   0.000000    0.000000   0.000000  0.00000   0.000000    0.00000
-1.885000 0.000000   0.000000   0.000000    0.000000   0.000000  0.00000   0.000000    0.00000
-1.880000 0.000000   0.000000   0.000000    0.000000   0.000000  0.00000   0.000000    0.00000
-1.875000 0.000000   0.000000   0.000000    0.000000   0.000000  0.00000   0.000000    0.00000
-1.870000 0.000000   0.000000   0.000000    0.000000   0.000000  0.00000   0.000000    0.00000
-1.865000 0.000000   0.000000   0.000000    0.000000   0.000000  0.00000   0.000000    0.00000
-1.860000 0.000000   0.000000   0.000000    0.000000   0.000000  0.00000   0.000000    0.00000
-1.855000 0.000000   0.000000   0.000000    0.000000   0.000000  0.00000   0.000000    0.00000
-1.850000 0.000000   0.000000   0.000000    0.000000   0.000000  0.00000   0.000000    0.00000
-1.845000 0.000000   0.000000   0.000000    0.000000   0.000000  0.00000   0.000000    0.00000
-1.840000 0.000000   0.000000   0.000000    0.000000   0.000000  0.00000   0.000000    0.00000
-1.835000 0.000000   0.000000   0.000000    0.000000   0.000000  0.00000   0.000000    0.00000
-1.830000 0.000000   0.000000   0.000000    0.000000   0.000000  0.00000   0.000000    0.00000
-1.825000 0.000000   0.000000   0.000000    0.000000   0.000000  0.00000   0.000000    0.00000
-1.820000 0.000000   0.000000   0.000000    0.000000   0.000000  0.00000   0.000000    0.00000
-1.815000 0.000000   0.000000   0.000000    0.000000   0.000000  0.00000   0.000000    0.00000
-1.810000 0.000000   0.000000   0.000000    0.000000   0.000000  0.00000   0.000000    0.00000
-1.805000 0.000000   0.000000   0.000000    0.000000   0.000000  0.00000   0.000000    0.00000
-1.800000 0.000000   0.000000   0.000000    0.000000   0.000000  0.00000   0.000000    0.00000
-1.795000 0.000000   0.000000   0.000000    0.000000   0.000000  0.00000   0.000000    0.00000
-1.790000 0.000000   0.000000   0.000000    0.000000   0.000000  0.00000   0.000000    0.00000
-1.785000 0.000000   0.000000   0.000000    0.000000   0.000000  0.00000   0.000000    0.00000
-1.780000 0.000000   0.000000   0.000000    0.000000   0.000000  0.00000   0.000000    0.00000
-1.775000 0.000000   0.000000   0.000000    0.000000   0.000000  0.00000   0.000000    0.00000
-1.770000 0.000000   0.000000   0.000000    0.000000   0.000000  0.00000   0.000000    0.00000
-1.765000 0.000000   0.000000   0.000000    0.000000   0.000000  0.00000   0.000000    0.00000
-1.760000 0.000000   0.000000   0.000000    0.000000   0.000000  0.00000   0.000000    0.00000
-1.755000 0.000000   0.000000   0.000000    0.000000   0.000000  0.00000   0.000000    0.00000
-1.750000 0.000000   0.000000   0.000000    0.000000   0.000000  0.00000   0.000000    0.00000
-1.745000 0.000000   0.000000   0.000000    0.000000   0.000000  0.00000   0.000000    0.00000
-1.740000 0.000000   0.000000   0.000000    0.000000   0.000000  0.00000   0.000000    0.00000
-1.735000 0.000000   0.000000   0.000000    0.000000   0.000000  0.00000   0.000000    0.00000
-1.730000 0.000000   0.000000   0.000000    0.000000   0.000000  0.00000   0.000000    0.00000
-1.725000 0.000000   0.000000   0.000000    0.000000   0.000000  0.00000   0.000000    0.00000
-1.720000 0.000000   0.000000   0.000000    0.000000   0.000000  0.00000   0.000000    0.00000
-1.715000 0.000000   0.000000   0.000000    0.000000   0.000000  0.00000   0.000000    0.00000
-1.710000 0.000000   0.000000   0.000000    0.000000   0.000000  0.00000   0.000000    0.00000
-1.705000 0.000000   0.000000   0.000000    0.000000   0.000000  0.00000   0.000000    0.00000
-1.700000 0.000000   0.000000   0.000000    0.000000   0.000000  0.00000   0.000000    0.00000
-1.695000 0.000000   0.000000   0.000000    0.000000   0.000000  0.00000   0.000000    0.00000
-1.690000 0.000000   0.000000   0.000000    0.000000   0.000000  0.00000   0.000000    0.00000
-1.685000 0.000000   0.000000   0.000000    0.000000   0.000000  0.00000   0.000000    0.00000
-1.680000 0.000000   0.000000   0.000000    0.000000   0.000000  0.00000   0.000000    0.00000
-1.675000 0.000000   0.000000   0.000000    0.000000   0.000000  0.00000   0.000000    0.00000
-1.670000 0.000000   0.000000   0.000000    0.000000   0.000000  0.00000   0.000000    0.00000
-1.665000 0.000000   0.000000   0.000000    0.000000   0.000000  0.00000   0.000000    0.00000
-1.660000 0.000000   0.000000   0.000000    0.000000   0.000000  0.00000   0.000000    0.00000
-1.655000 0.000000   0.000000   0.000000    0.000000   0.000000  0.00000   0.000000    0.00000
-1.650000 0.000000   0.000000   0.000000    0.000000   0.000000  0.00000   0.000000    0.00000
-1.645000 0.000000   0.000000   0.000000    0.000000   0.000000  0.00000   0.000000    0.00000
-1.640000 0.000000   0.000000   0.000000    0.000000   0.000000  0.00000   0.000000    0.00000
-1.635000 0.000000   0.000000   0.000000    0.000000   0.000000  0.00000   0.000000    0.00000
-1.630000 0.000000   0.000000   0.000000    0.000000   0.000000  0.00000   0.000000    0.00000
-1.625000 0.000000   0.000000   0.000000    0.000000   0.000000  0.00000   0.000000    0.00000
-1.620000 0.000000   0.000000   0.000000    0.000000   0.000000  0.00000   0.000000    0.00000
-1.615000 0.000000   0.000000   0.000000    0.000000   0.000000  0.00000   0.000000    0.00000
-1.610000 0.000000   0.000000   0.000000    0.000000   0.000000  0.00000   0.000000    0.00000
-1.605000 0.000000   0.000000   0.000000    0.000000   0.000000  0.00000   0.000000    0.00000
-1.600000 0.000000   0.000000   0.000000    0.000000   0.000000  0.00000   0.000000    0.00000
-1.595000 0.000000   0.000000   0.000000    0.000000   0.000000  0.00000   0.000000    0.00000
-1.590000 0.000000   0.000000   0.000000    0.000000   0.000000  0.00000   0.000000    0.00000
-1.585000 0.000000   0.000000   0.000000    0.000000   0.000000  0.00000   0.000000    0.00000
-1.580000 0.000000   0.000000   0.000000    0.000000   0.000000  0.00000   0.000000    0.00000
-1.575000 0.000000   0.000000   0.000000    0.000000   0.000000  0.00000   0.000000    0.00000
-1.570000 0.000000   0.000000   0.000000    0.000000   0.000000  0.00000   0.000000    0.00000
-1.565000 0.000000   0.000000   0.000000    0.000000   0.000000  0.00000   0.000000    0.00000
-1.560000 0.000000   0.000000   0.000000    0.000000   0.000000  0.00000   0.000000    0.00000
-1.555000 0.000000   0.000000   0.000000    0.000000   0.000000  0.00000   0.000000    0.00000
-1.550000 0.000000   0.000000   0.000000    0.000000   0.000000  0.00000   0.000000    0.00000
-1.545000 0.000000   0.000000   0.000000    0.000000   0.000000  0.00000   0.000000    0.00000
-1.540000 0.000000   0.000000   0.000000    0.000000   0.000000  0.00000   0.000000    0.00000
-1.535000 0.000000   0.000000   0.000000    0.000000   0.000000  0.00000   0.000000    0.00000
-1.530000 0.000000   0.000000   0.000000    0.000000   0.000000  0.00000   0.000000    0.00000
-1.525000 0.000000   0.000000   0.000000    0.000000   0.000000  0.00000   0.000000    0.00000
-1.520000 0.000000   0.000000   0.000000    0.000000   0.000000  0.00000   0.000000    0.00000
-1.515000 0.000000   0.000000   0.000000    0.000000   0.000000  0.00000   0.000000    0.00000
-1.510000 0.000000   0.000000   0.000000    0.000000   0.000000  0.00000   0.000000    0.00000
-1.505000 0.000000   0.000000   0.000000    0.000000   0.000000  0.00000   0.000000    0.00000
-1.500000 0.000000   0.000000   0.000000    0.000000   0.000000  0.00000   0.000000    0.00000
-1.495000 0.000000   0.000000   0.000000    0.000000   0.000000  0.00000   0.000000    0.00000
-1.490000 0.000000   0.000000   0.000000    0.000000   0.000000  0.00000   0.000000    0.00000
-1.485000 0.000000   0.000000   0.000000    0.000000   0.000000  0.00000   0.000000    0.00000
-1.480000 0.000000   0.000000   0.000000    0.000000   0.000000  0.00000   0.000000    0.00000
-1.475000 0.000000   0.000000   0.000000    0.000000   0.000000  0.00000   0.000000    0.00000
-1.470000 0.000000   0.000000   0.000000    0.000000   0.000000  0.00000   0.000000    0.00000
-1.465000 0.000000   0.000000   0.000000    0.000000   0.000000  0.00000   0.000000    0.00000
-1.460000 0.000000   0.000000   0.000000    0.000000   0.000000  0.00000   0.000000    0.00000
-1.455000 0.000000   0.000000   0.000000    0.000000   0.000000  0.00000   0.000000    0.00000
-1.450000 0.000000   0.000000   0.000000    0.000000   0.000000  0.00000   0.000000    0.00000
-1.445000 0.000000   0.000000   0.000000    0.000000   0.000000  0.00000   0.000000    0.00000
-1.440000 0.000000   0.000000   0.000000    0.000000   0.000000  0.00000   0.000000    0.00000
-1.435000 0.000000   0.000000   0.000000    0.000000   0.000000  0.00000   0.000000    0.00000
-1.430000 0.000000   0.000000   0.000000    0.000000   0.000000  0.00000   0.000000    0.00000
-1.425000 0.000000   0.000000   0.000000    0.000000   0.000000  0.00000   0.000000    0.00000
-1.420000 0.000000   0.000000   0.000000    0.000000   0.000000  0.00000   0.000000    0.00000
-1.415000 0.000000   0.000000   0.000000    0.000000   0.000000  0.00000   0.000000    0.00000
-1.410000 0.000000   0.000000   0.000000    0.000000   0.000000  0.00000   0.000000    0.00000
-1.405000 0.000000   0.000000   0.000000    0.000000   0.000000  0.00000   0.000000    0.00000
-1.400000 0.000000   0.000000   0.000000    0.000000   0.000000  0.00000   0.000000    0.00000
-1.395000 0.000000   0.000000   0.000000    0.000000   0.000000  0.00000   0.000000    0.00000
-1.390000 0.000000   0.000000   0.000000    0.000000   0.000000  0.00000   0.000000    0.00000
-1.385000 0.000000   0.000000   0.000000    0.000000   0.000000  0.00000   0.000000    0.00000
-1.380000 0.000000   0.000000   0.000000    0.000000   0.000000  0.00000   0.000000    0.00000
-1.375000 0.000000   0.000000   0.000000    0.000000   0.000000  0.00000   0.000000    0.00000
-1.370000 0.000000   0.000000   0.000000    0.000000   0.000000  0.00000   0.000000    0.00000
-1.365000 0.000000   0.000000   0.000000    0.000000   0.000000  0.00000   0.000000    0.00000
-1.360000 0.000000   0.000000   0.000000    0.000000   0.000000  0.00000   0.000000    0.00000
-1.355000 0.000000   0.000000   0.000000    0.000000   0.000000  0.00000   0.000000    0.00000
-1.350000 0.000000   0.000000   0.000000    0.000000   0.000000  0.00000   0.000000    0.00000
-1.345000 0.000000   0.000000   0.000000    0.000000   0.000000  0.00000   0.000000    0.00000
-1.340000 0.000000   0.000000   0.000000    0.000000   0.000000  0.00000   0.000000    0.00000
-1.335000 0.000000   0.000000   0.000000    0.000000   0.000000  0.00000   0.000000    0.00000
-1.330000 0.000000   0.000000   0.000000    0.000000   0.000000  0.00000   0.000000    0.00000
-1.325000 0.000000   0.000000   0.000000    0.000000   0.000000  0.00000   0.000000    0.00000
-1.320000 0.000000   0.000000   0.000000    0.000000   0.000000  0.00000   0.000000    0.00000
-1.315000 0.000000   0.000000   0.000000    0.000000   0.000000  0.00000   0.000000    0.00000
-1.310000 0.000000   0.000000   0.000000    0.000000   0.000000  0.00000   0.000000    0.00000
-1.305000 0.000000   0.000000   0.000000    0.000000   0.000000  0.00000   0.000000    0.00000
-1.300000 0.000000   0.000000   0.000000    0.000000   0.000000  0.00000   0.000000    0.00000
-1.295000 0.000000   0.000000   0.000000    0.000000   0.000000  0.00000   0.000000    0.00000
-1.290000 0.000000   0.000000   0.000000    0.000000   0.000000  0.00000   0.000000    0.00000
-1.285000 0.000000   0.000000   0.000000    0.000000   0.000000  0.00000   0.000000    0.00000
-1.280000 0.000000   0.000000   0.000000    0.000000   0.000000  0.00000   0.000000    0.00000
-1.275000 0.000000   0.000000   0.000000    0.000000   0.000000  0.00000   0.000000    0.00000
-1.270000 0.000000   0.000000   0.000000    0.000000   0.000000  0.00000   0.000000    0.00000
-1.265000 0.000000   0.000000   0.000000    0.000000   0.000000  0.00000   0.000000    0.00000
-1.260000 0.000000   0.000000   0.000000    0.000000   0.000000  0.00000   0.000000    0.00000
-1.255000 0.000000   0.000000   0.000000    0.000000   0.000000  0.00000   0.000000    0.00000
-1.250000 0.000000   0.000000   0.000000    0.000000   0.000000  0.00000   0.000000    0.00000
-1.245000 0.000000   0.000000   0.000000    0.000000   0.000000  0.00000   0.000000    0.00000
-1.240000 0.000000   0.000000   0.000000    0.000000   0.000000  0.00000   0.000000    0.00000
-1.235000 0.000000   0.000000   0.000000    0.000000   0.000000  0.00000   0.000000    0.00000
-1.230000 0.000000   0.000000   0.000000    0.000000   0.000000  0.00000   0.000000    0.00000
-1.225000 0.000000   0.000000   0.000000    0.000000   0.000000  0.00000   0.000000    0.00000
-1.220000 0.000000   0.000000   0.000000    0.000000   0.000000  0.00000   0.000000    0.00000
-1.215000 0.000000   0.000000   0.000000    0.000000   0.000000  0.00000   0.000000    0.00000
-1.210000 0.000000   0.000000   0.000000    0.000000   0.000000  0.00000   0.000000    0.00000
-1.205000 0.000000   0.000000   0.000000    0.000000   0.000000  0.00000   0.000000    0.00000
-1.200000 0.000000   0.000000   0.000000    0.000000   0.000000  0.00000   0.000000    0.00000
-1.195000 0.000000   0.000000   0.000000    0.000000   0.000000  0.00000   0.000000    0.00000
-1.190000 0.000000   0.000000   0.000000    0.000000   0.000000  0.00000   0.000000    0.00000
-1.185000 0.000000   0.000000   0.000000    0.000000   0.000000  0.00000   0.000000    0.00000
-1.180000 0.000000   0.000000   0.000000    0.000000   0.000000  0.00000   0.000000    0.00000
-1.175000 0.000000   0.000000   0.000000    0.000000   0.000000  0.00000   0.000000    0.00000
-1.170000 0.000000   0.000000   0.000000    0.000000   0.000000  0.00000   0.000000    0.00000
-1.165000 0.000000   0.000000   0.000000    0.000000   0.000000  0.00000   0.000000    0.00000
-1.160000 0.000000   0.000000   0.000000    0.000000   0.000000  0.00000   0.000000    0.00000
-1.155000 0.000000   0.000000   0.000000    0.000000   0.000000  0.00000   0.000000    0.00000
-1.150000 0.000000   0.000000   0.000000    0.000000   0.000000  0.00000   0.000000    0.00000
-1.145000 0.000000   0.000000   0.000000    0.000000   0.000000  0.00000   0.000000    0.00000
-1.140000 0.000000   0.000000   0.000000    0.000000   0.000000  0.00799   0.000000    0.00000
-1.135000 0.000000   0.000000   0.000000    0.000000   0.000000  0.21495   0.000000    0.00000
-1.130000 0.000000   0.000000   0.000000    0.000000   0.000000  0.21945   0.000000    0.00000
-1.125000 0.000000   0.000000   0.000000    0.000000   0.000000  0.26511   0.000000    0.00000
-1.120000 0.000005   0.000000   0.000000    0.000000   0.000000  0.30564   0.000000    0.00000
-1.115000 0.000076   0.000000   0.000000    0.000000   0.000000  0.34080   0.000000    0.00000
-1.110000 0.000731   0.000000   0.000000    0.000000   0.000000  0.37261   0.000000    0.00000
-1.105000 0.004504   0.000000   0.000000    0.000000   0.000000  0.40219   0.000000    0.00000
-1.100000 0.018212   0.000000   0.000000    0.000000   0.000000  0.42965   0.000000    0.00000
-1.095000 0.050421   0.000000   0.000000    0.000000   0.000000  0.45547   0.000000    0.00000
-1.090000 0.101463   0.000000   0.000000    0.000000   0.000000  0.47990   0.000000    0.00000
-1.085000 0.159899   0.000000   0.000000    0.000000   0.000000  0.50313   0.000000    0.00000
-1.080000 0.213413   0.000000   0.000000    0.000000   0.000000  0.52533   0.000000    0.00000
-1.075000 0.257775   0.000000   0.000000    0.000000   0.000000  0.54663   0.000000    0.00000
-1.070000 0.294633   0.000006   0.000000    0.000000   0.000000  0.56713   0.000000    0.00000
-1.065000 0.326574   0.000092   0.000000    0.000000   0.000000  0.58692   0.000000    0.00000
-1.060000 0.355257   0.000855   0.000000    0.000000   0.000000  0.60606   0.000000    0.00000
-1.055000 0.381580   0.005091   0.000000    0.000000   0.000000  0.62462   0.000000    0.00000
-1.050000 0.406061   0.019948   0.000000    0.000000   0.000000  0.64264   0.000000    0.00000
-1.045000 0.429044   0.053732   0.000000    0.000000   0.000000  0.66018   0.000000    0.00000
-1.040000 0.450772   0.105777   0.000000    0.000000   0.000000  0.67728   0.000000    0.00000
-1.035000 0.471427   0.164086   0.000000    0.000000   0.000000  0.69396   0.000000    0.00000
-1.030000 0.491150   0.216829   0.000000    0.000000   0.000000  0.71026   0.000000    0.00000
-1.025000 0.510053   0.260425   0.000000    0.000000   0.000000  0.72620   0.000000    0.00000
-1.020000 0.528227   0.296748   0.000000    0.000000   0.000000  0.74182   0.000000    0.00000
-1.015000 0.545747   0.328331   0.000000    0.000000   0.000000  0.75712   0.000000    0.00000
-1.010000 0.562676   0.356756   0.000000    0.000000   0.000000  0.77214   0.000000    0.00000
-1.005000 0.579068   0.382876   0.000000    0.000000   0.000000  0.78688   0.000000    0.00000
-1.000000 0.594967   0.407191   0.000000    0.000000   0.000000  0.80137   0.000000    0.00000
-0.995000 0.610414   0.430032   0.000000    0.000000   0.000000  0.81562   0.000000    0.00000
-0.990000 0.625443   0.451638   0.000000    0.000000   0.000000  0.82965   0.000000    0.00000
-0.985000 0.640084   0.472187   0.000000    0.000000   0.000000  0.84346   0.000000    0.00000
-0.980000 0.654364   0.491815   0.000000    0.000000   0.000000  0.85707   0.000000    0.00000
-0.975000 0.668308   0.510634   0.000000    0.000000   0.000000  0.87049   0.000000    0.00000
-0.970000 0.681936   0.528732   0.000000    0.000000   0.000000  0.88372   0.000000    0.00000
-0.965000 0.695269   0.546184   0.000000    0.000000   0.000000  0.89679   0.000000    0.00000
-0.960000 0.708323   0.563052   0.000000    0.000000   0.000000  0.90970   0.000000    0.00000
-0.955000 0.721114   0.579387   0.000000    0.000000   0.000000  0.92245   0.000000    0.00000
-0.950000 0.733657   0.595235   0.000000    0.000000   0.000000  0.93506   0.000000    0.00000
-0.945000 0.745965   0.610636   0.000000    0.000000   0.000000  0.94753   0.000000    0.00000
-0.940000 0.758051   0.625623   0.000000    0.000000   0.000000  0.95987   0.000000    0.00000
-0.935000 0.769925   0.640226   0.000000    0.000000   0.000000  0.97208   0.000000    0.00000
-0.930000 0.781597   0.654472   0.000000    0.000000   0.000000  0.98418   0.000000    0.00000
-0.925000 0.793079   0.668385   0.000000    0.000000   0.000000  0.99616   0.000000    0.00000
-0.920000 0.804377   0.681986   0.000000    0.000000   0.000000  1.00804   0.000000    0.00000
-0.915000 0.815502   0.695295   0.000000    0.000000   0.000000  1.01982   0.000000    0.00000
-0.910000 0.826460   0.708328   0.000000    0.000000   0.000000  1.03150   0.000000    0.00000
-0.905000 0.837259   0.721101   0.000000    0.000000   0.000000  1.04310   0.000000    0.00000
-0.900000 0.847905   0.733629   0.000000    0.000000   0.000000  1.05460   0.000000    0.00000
-0.895000 0.858406   0.745924   0.000000    0.000000   0.000000  1.06603   0.000000    0.00000
-0.890000 0.868767   0.758000   0.000000    0.000000   0.000000  1.07738   0.000000    0.00000
-0.885000 0.878994   0.769867   0.000000    0.000000   0.000000  1.08866   0.000000    0.00000
-0.880000 0.889092   0.781536   0.000000    0.000000   0.000000  1.09987   0.000000    0.00000
-0.875000 0.899067   0.793015   0.000000    0.000000   0.000000  1.11102   0.000000    0.00000
-0.870000 0.908924   0.804315   0.000000    0.000000   0.000000  1.12211   0.000000    0.00000
-0.865000 0.918667   0.815443   0.000000    0.000000   0.000000  1.13314   0.000000    0.00000
-0.860000 0.928300   0.826408   0.000000    0.000000   0.000000  1.14412   0.000000    0.00000
-0.855000 0.937828   0.837216   0.000000    0.000000   0.000000  1.15506   0.000000    0.00000
-0.850000 0.947256   0.847874   0.000000    0.000000   0.000000  1.16595   0.000000    0.00000
-0.845000 0.956586   0.858389   0.000000    0.000000   0.000000  1.17680   0.000000    0.00000
-0.840000 0.965824   0.868768   0.000000    0.000000   0.000000  1.18762   0.000000    0.00000
-0.835000 0.974971   0.879015   0.000000    0.000000   0.000000  1.19840   0.000000    0.00000
-0.830000 0.984033   0.889136   0.000000    0.000000   0.000000  1.20915   0.000000    0.00000
-0.825000 0.993011   0.899137   0.000000    0.000000   0.000000  1.21988   0.000000    0.00000
-0.820000 1.001910   0.909023   0.000000    0.000000   0.000000  1.23058   0.000000    0.00000
-0.815000 1.010733   0.918798   0.000000    0.000000   0.000000  1.24127   0.000000    0.00000
-0.810000 1.019483   0.928466   0.000000    0.000000   0.000000  1.25194   0.000000    0.00000
-0.805000 1.028162   0.938033   0.000000    0.000000   0.000000  1.26259   0.000000    0.00000
-0.800000 1.036774   0.947502   0.000000    0.000000   0.000000  1.27324   0.000000    0.00000
-0.795000 1.045322   0.956878   0.000000    0.000000   0.000000  1.28388   0.000000    0.00000
-0.790000 1.053808   0.966164   0.000000    0.000000   0.000000  1.29452   0.000000    0.00000
-0.785000 1.062235   0.975363   0.000000    0.000000   0.000000  1.30516   0.000000    0.00000
-0.780000 1.070605   0.984480   0.000000    0.000000   0.000000  1.31580   0.000000    0.00000
-0.775000 1.078922   0.993519   0.000000    0.000000   0.000000  1.32645   0.000000    0.00000
-0.770000 1.087188   1.002481   0.000000    0.000000   0.000000  1.33712   0.000000    0.00000
-0.765000 1.095405   1.011372   0.000000    0.000000   0.000000  1.34779   0.000000    0.00000
-0.760000 1.103576   1.020193   0.000000    0.000000   0.000000  1.35849   0.000000    0.00000
-0.755000 1.111704   1.028949   0.000000    0.000000   0.000000  1.36920   0.000000    0.00000
-0.750000 1.119790   1.037641   0.000000    0.000000   0.000000  1.37995   0.000000    0.00000
-0.745000 1.127837   1.046274   0.000000    0.000000   0.000000  1.39072   0.000000    0.00000
-0.740000 1.135849   1.054850   0.000000    0.000000   0.000000  1.40152   0.000000    0.00000
-0.735000 1.143826   1.063371   0.000000    0.000000   0.000000  1.41235   0.000000    0.00000
-0.730000 1.151771   1.071842   0.000000    0.000000   0.000000  1.42323   0.000000    0.00000
-0.725000 1.159688   1.080264   0.000000    0.000000   0.000000  1.43415   0.000000    0.00000
-0.720000 1.167577   1.088640   0.000000    0.000000   0.000000  1.44512   0.000000    0.00000
-0.715000 1.175442   1.096974   0.000000    0.000000   0.000000  1.45613   0.000000    0.00000
-0.710000 1.183285   1.105267   0.000000    0.000000   0.000000  1.46721   0.000000    0.00000
-0.705000 1.191108   1.113523   0.000000    0.000000   0.000000  1.47834   0.000000    0.00000
-0.700000 1.198914   1.121744   0.000000    0.000000   0.000000  1.48953   0.000000    0.00000
-0.695000 1.206705   1.129933   0.000000    0.000000   0.000000  1.50079   0.000000    0.00000
-0.690000 1.214484   1.138093   0.000000    0.000000   0.000000  1.51212   0.000000    0.00000
-0.685000 1.222252   1.146226   0.000000    0.000000   0.000000  1.52353   0.000000    0.00000
-0.680000 1.230013   1.154335   0.000000    0.000000   0.000000  1.53502   0.000000    0.00000
-0.675000 1.237769   1.162422   0.000000    0.000000   0.000000  1.54659   0.000000    0.00000
-0.670000 1.245522   1.170490   0.000000    0.000000   0.000000  1.55825   0.000000    0.00000
-0.665000 1.253276   1.178543   0.000000    0.000000   0.000000  1.57001   0.000000    0.00000
-0.660000 1.261032   1.186582   0.000000    0.000000   0.000000  1.58187   0.000000    0.00000
-0.655000 1.268793   1.194611   0.000000    0.000000   0.000000  1.59383   0.000000    0.00000
-0.650000 1.276563   1.202631   0.000000    0.000000   0.000000  1.60590   0.000000    0.00000
-0.645000 1.284343   1.210647   0.000000    0.000000   0.000000  1.61809   0.000000    0.00000
-0.640000 1.292137   1.218661   0.000000    0.000000   0.000000  1.63040   0.000000    0.00000
-0.635000 1.299947   1.226676   0.000000    0.000000   0.000000  1.64283   0.000000    0.00000
-0.630000 1.307777   1.234694   0.000000    0.000000   0.000000  1.65540   0.000000    0.00000
-0.625000 1.315629   1.242719   0.000000    0.000000   0.000000  1.66811   0.000000    0.00000
-0.620000 1.323507   1.250754   0.000000    0.000000   0.000000  1.68096   0.000000    0.00000
-0.615000 1.331413   1.258802   0.000000    0.000000   0.000000  1.69396   0.000000    0.00000
-0.610000 1.339351   1.266866   0.000000    0.000000   0.000000  1.70712   0.000000    0.00000
-0.605000 1.347324   1.274949   0.000000    0.000000   0.000000  1.72045   0.000000    0.00000
-0.600000 1.355336   1.283055   0.000000    0.000000   0.000000  1.73395   0.000000    0.00000
-0.595000 1.363391   1.291187   0.000000    0.000000   0.000000  1.74763   0.000000    0.00000
-0.590000 1.371491   1.299349   0.000000    0.000000   0.000000  1.76149   0.000000    0.00000
-0.585000 1.379640   1.307544   0.000000    0.000000   0.000000  1.77556   0.000000    0.00000
-0.580000 1.387843   1.315777   0.000000    0.000000   0.000000  1.78983   0.000000    0.00000
-0.575000 1.396104   1.324050   0.000000    0.000000   0.000000  1.80431   0.000000    0.00000
-0.570000 1.404426   1.332367   0.000000    0.000000   0.000000  1.81901   0.000000    0.00000
-0.565000 1.412814   1.340734   0.000000    0.000000   0.000000  1.83394   0.000000    0.00000
-0.560000 1.421272   1.349154   0.000000    0.000000   0.000000  1.84911   0.000000    0.00000
-0.555000 1.429805   1.357631   0.000000    0.000000   0.000000  1.86454   0.000000    0.00000
-0.550000 1.438418   1.366170   0.000000    0.000000   0.000000  1.88022   0.000000    0.00000
-0.545000 1.447116   1.374776   0.000000    0.000000   0.000000  1.89618   0.000000    0.00000
-0.540000 1.455903   1.383453   0.000000    0.000000   0.000000  1.91242   0.000000    0.00000
-0.535000 1.464786   1.392207   0.000000    0.000000   0.000000  1.92895   0.000000    0.00000
-0.530000 1.473769   1.401043   0.000000    0.000000   0.000000  1.94579   0.000000    0.00000
-0.525000 1.482858   1.409966   0.000000    0.000000   0.000000  1.96295   0.000000    0.00000
-0.520000 1.492060   1.418982   0.000000    0.000000   0.000000  1.98044   0.000000    0.00000
-0.515000 1.501381   1.428096   0.000000    0.000000   0.000000  1.99828   0.000000    0.00000
-0.510000 1.510827   1.437316   0.000000    0.000000   0.000000  2.01648   0.000000    0.00000
-0.505000 1.520406   1.446646   0.000000    0.000000   0.000000  2.03506   0.000000    0.00000
-0.500000 1.530124   1.456095   0.000000    0.000000   0.000000  2.05402   0.000000    0.00000
-0.495000 1.539988   1.465669   0.000000    0.000000   0.000000  2.07339   0.000000    0.00000
-0.490000 1.550007   1.475375   0.000000    0.000000   0.000000  2.09319   0.000000    0.00000
-0.485000 1.560189   1.485221   0.000000    0.000000   0.000000  2.11342   0.000000    0.00000
-0.480000 1.570543   1.495214   0.000000    0.000000   0.000000  2.13412   0.000000    0.00000
-0.475000 1.581076   1.505365   0.000000    0.000000   0.000000  2.15529   0.000000    0.00000
-0.470000 1.591800   1.515680   0.000000    0.000000   0.000000  2.17697   0.000027    0.00000
-0.465000 1.602722   1.526169   0.000000    0.000000   0.000000  2.19916   0.157538    0.00000
-0.460000 1.613855   1.536843   0.000000    0.000000   0.000000  2.22190   0.292836    0.00000
-0.455000 1.625209   1.547711   0.000000    0.000000   0.000000  2.24520   0.372413    0.00000
-0.450000 1.636794   1.558783   0.000000    0.000000   0.000000  2.26909   0.437664    0.00000
-0.445000 1.648624   1.570072   0.000000    0.000000   0.000000  2.29359   0.495492    0.00000
-0.440000 1.660711   1.581588   0.000000    0.000000   0.000000  2.31873   0.548302    0.00000
-0.435000 1.673068   1.593345   0.000000    0.000000   0.000000  2.34455   0.597481    0.00000
-0.430000 1.685709   1.605356   0.000000    0.000000   0.000000  2.37105   0.643914    0.00000
-0.425000 1.698648   1.617634   0.000000    0.000000   0.000000  2.39829   0.688208    0.00000
-0.420000 1.711902   1.630194   0.000000    0.000000   0.000000  2.42628   0.730802    0.00000
-0.415000 1.725487   1.643052   0.000000    0.000000   0.000000  2.45506   0.772025    0.00000
-0.410000 1.739421   1.656223   0.000000    0.000000   0.000000  2.48467   0.812137    0.00000
-0.405000 1.753720   1.669726   0.000000    0.000000   0.000000  2.51514   0.851345    0.00000
-0.400000 1.768406   1.683579   0.000000    0.000000   0.000000  2.54651   0.889818    0.00000
-0.395000 1.783498   1.697800   0.000000    0.000000   0.000000  2.57882   0.927700    0.00000
-0.390000 1.799018   1.712411   0.000000    0.000000   0.000000  2.61211   0.965113    0.00000
-0.385000 1.814989   1.727433   0.000000    0.000000   0.000000  2.64642   1.002165    0.00000
-0.380000 1.831436   1.742891   0.000000    0.000001   0.000000  2.68180   1.038948    0.00000
-0.375000 1.848384   1.758807   0.000002    0.000026   0.000000  2.71830   1.075548    0.00000
-0.370000 1.865861   1.775209   0.000034    0.000309   0.000000  2.75597   1.112042    0.00000
-0.365000 1.883896   1.792125   0.000388    0.002346   0.000000  2.79486   1.148501    0.00000
-0.360000 1.902520   1.809583   0.002812    0.011598   0.000000  2.83502   1.184991    0.00000
-0.355000 1.921765   1.827617   0.013306    0.038585   0.000000  2.87651   1.221575    0.00000
-0.350000 1.941667   1.846259   0.042552    0.090663   0.000000  2.91939   1.258312    0.00000
-0.345000 1.962264   1.865546   0.096697    0.160551   0.000000  2.96372   1.295259    0.00000
-0.340000 1.983594   1.885516   0.166891    0.231329   0.000000  3.00956   1.332472    0.00000
-0.335000 2.005700   1.906210   0.236327    0.292262   0.000000  3.05699   1.370006    0.00000
-0.330000 2.028628   1.927674   0.295540    0.342858   0.000000  3.10606   1.407916    0.00000
-0.325000 2.052426   1.949952   0.344788    0.386421   0.000000  3.15686   1.446254    0.00000
-0.320000 2.077144   1.973097   0.387397    0.425568   0.000000  3.20944   1.485074    0.00000
-0.315000 2.102839   1.997163   0.425821    0.461733   0.000000  3.26390   1.524431    0.00000
-0.310000 2.129568   2.022208   0.461391    0.495710   0.000000  3.32029   1.564381    0.00000
-0.305000 2.157396   2.048294   0.494853    0.528003   0.000000  3.37871   1.604978    0.00000
-0.300000 2.186388   2.075488   0.526687    0.558965   0.000000  3.43922   1.646281    0.00000
-0.295000 2.216618   2.103864   0.557232    0.588858   0.000000  3.50190   1.688348    0.00000
-0.290000 2.248163   2.133498   0.586741    0.617887   0.000000  3.56683   1.731241    0.00000
-0.285000 2.281105   2.164476   0.615412    0.646216   0.000000  3.63408   1.775023    0.00000
-0.280000 2.315533   2.196887   0.643407    0.673982   0.000000  3.70371   1.819759    0.00000
-0.275000 2.351542   2.230829   0.670860    0.701303   0.000000  3.77578   1.865519    0.00000
-0.270000 2.389235   2.266408   0.697885    0.728281   0.000000  3.85034   1.912372    0.00000
-0.265000 2.428720   2.303738   0.724583    0.755006   0.000000  3.92744   1.960396    0.00000
-0.260000 2.470114   2.342942   0.751046    0.781561   0.000000  4.00707   2.009667    0.00000
-0.255000 2.513544   2.384152   0.777354    0.808023   0.000000  4.08924   2.060269    0.00000
-0.250000 2.559142   2.427514   0.803586    0.834466   0.000000  4.17390   2.112290    0.00000
-0.245000 2.607054   2.473184   0.829815    0.860957   0.000000  4.26097   2.165820    0.00000
-0.240000 2.657432   2.521329   0.856110    0.887567   0.000000  4.35032   2.220959    0.00000
-0.235000 2.710440   2.572132   0.882542    0.914361   0.000000  4.44172   2.277810    0.00000
-0.230000 2.766251   2.625791   0.909179    0.941407   0.000000  4.53488   2.336481    0.00000
-0.225000 2.825050   2.682519   0.936090    0.968774   0.000000  4.62939   2.397090    0.00000
-0.220000 2.887030   2.742546   0.963346    0.996532   0.000000  4.72464   2.459761    0.00000
-0.215000 2.952395   2.806118   0.991021    1.024753   0.000000  4.81987   2.524626    0.00000
-0.210000 3.021355   2.873502   1.019190    1.053514   0.000000  4.91402   2.591825    0.02280
-0.205000 3.094128   2.944982   1.047934    1.082895   0.000000  5.00568   2.661511    0.51352
-0.200000 3.170931   3.020861   1.077337    1.112981   0.000000  5.09297   2.733842    0.77162
-0.195000 3.251982   3.101458   1.107490    1.143862   0.000000  5.17335   2.808993    0.97759
-0.190000 3.337484   3.187107   1.138490    1.175638   0.000000  5.24344   2.887147    1.16173
-0.185000 3.427621   3.278153   1.170442    1.208414   0.000000  5.29862   2.968503    1.33466
-0.180000 3.522536   3.374942   1.203462    1.242305   0.000000  5.33256   3.053273    1.50176
-0.175000 3.622313   3.477815   1.237674    1.277437   0.000000  5.33640   3.141686    1.66631
-0.170000 3.726939   3.587084   1.273216    1.313948   0.000000  5.29754   3.233987    1.83056
-0.165000 3.836257   3.703008   1.310239    1.351990   0.000000  5.19736   3.330443    1.99623
-0.160000 3.949893   3.825754   1.348912    1.391732   0.000000  5.00712   3.431336    2.16472
-0.155000 4.067157   3.955332   1.389421    1.433360   0.000000  4.67901   3.536977    2.33724
-0.150000 4.186877   4.091503   1.431974    1.477081   0.000000  4.12275   3.647696    2.51492
-0.145000 4.307173   4.233633   1.476806    1.523130   0.000000  3.11440   3.763851    2.69880
-0.140000 4.425082   4.380472   1.524179    1.571765   0.000000  0.32637   3.885832    2.88996
-0.135000 4.535974   4.529798   1.574390    1.623282   0.000000  0.00000   4.014056    3.08945
-0.130000 4.632571   4.677842   1.627775    1.678011   0.000000  0.00000   4.148978    3.29839
-0.125000 4.703194   4.818317   1.684718    1.736329   0.000000  0.00000   4.291088    3.51794
-0.120000 4.728251   4.940693   1.745653    1.798664   0.000000  0.00000   4.440918    3.74933
-0.115000 4.672159   5.026799   1.811083    1.865504   0.000000  0.00000   4.599043    3.99392
-0.110000 4.465913   5.043179   1.881584    1.937410   0.000000  0.00000   4.766085    4.25314
-0.105000 3.991979   4.923505   1.957821    2.015027   0.000000  0.00000   4.942720    4.52858
-0.100000 3.144874   4.544534   2.040567    2.099100   0.000000  0.00000   5.129676    4.82198
-0.095000 2.019009   3.759126   2.130725    2.190493   0.000000  0.00000   5.327740    5.13525
-0.090000 0.976509   2.583259   2.229348    2.290212   0.000000  0.00000   5.537760    5.47050
-0.085000 0.333770   1.360698   2.337680    2.399438   0.000000  0.00000   5.760652    5.83008
-0.080000 0.077007   0.513166   2.457189    2.519555   0.000000  0.00000   5.997392    6.21657
-0.075000 0.011627   0.131816   2.589622    2.652201   0.000000  0.00000   6.249027    6.63286
-0.070000 0.001125   0.022290   2.737065    2.799319   0.000000  0.00000   6.516664    7.08215
-0.065000 0.000069   0.002426   2.902029    2.963227   0.000000  0.00000   6.801468    7.56799
-0.060000 0.000003   0.000167   3.087545    3.146707   0.000000  0.00000   7.104649    8.09434
-0.055000 0.000000   0.000007   3.297299    3.353111   0.000000  0.00000   7.427440    8.66553
-0.050000 0.000000   0.000000   3.535797    3.586498   0.000000  0.00000   7.771066    9.28636
-0.045000 0.000000   0.000000   3.808577    3.851813   0.000000  0.00000   8.136690    9.96206
-0.040000 0.000000   0.000000   4.122478    4.155097   0.000000  0.00000   8.525339    10.6982
-0.035000 0.000000   0.000000   4.485971    4.503753   0.000000  0.00000   8.937779    11.5008
-0.030000 0.000000   0.000000   4.909563    4.906862   0.000000  0.00000   9.374346    12.3759
-0.025000 0.000000   0.000000   5.406223    5.375519   0.000000  0.00000   9.834667    13.3295
-0.020000 0.000000   0.000000   5.991740    5.923119   0.000000  0.00000   10.31726    14.3664
-0.015000 0.000000   0.000000   6.684626    6.565366   0.000000  0.00000   10.81892    15.4900
-0.010000 0.000000   0.000000   7.504495    7.319365   0.000000  0.00000   11.33373    16.6997
-0.005000 0.000000   0.000000   8.465422    8.199954   0.000000  0.00000   11.85156    17.9882
 0.000000 0.000000   0.000000   9.552067    9.207295   0.000000  0.000000 12.355604   19.33526
 0.005000 0.000000   0.000000   10.642127   10.285779  0.000000  0.000000 12.818210   20.69794
 0.010000 0.000000   0.000000   11.332341   11.208625  0.000000  0.000000 13.193682   21.99054
 0.015000 0.000000   0.000000   10.840783   11.400175  0.000000  0.000000 13.404723   23.04476
 0.020000 0.000000   0.000000   8.561486    10.060992  0.000000  0.000000 13.314581   23.52034
 0.025000 0.000000   0.000000   5.127899    7.063420   0.000000  0.000000 12.660118   22.66620
 0.030000 0.000000   0.000000   2.176070    3.646475   0.000000  0.000000 10.836962   18.38369
 0.035000 0.000000   0.000000   0.623659    1.304605   0.000000  0.000000 5.196914    0.540147
 0.040000 0.000000   0.000000   0.116931    0.310625   0.000000  0.000000 0.000000    0.000000
 0.045000 0.000000   0.000000   0.014045    0.047921   0.000000  0.000000 0.000000    0.000000
 0.050000 0.000000   0.000000   0.001066    0.004706   0.000000  0.000000 0.000000    0.000000
 0.055000 0.000000   0.000006   0.000051    0.000291   0.000000  0.000000 0.000000    0.000000
 0.060000 0.000003   0.000136   0.000001    0.000011   0.000000  0.000000 0.000000    0.000000
 0.065000 0.000069   0.001966   0.000000    0.000000   0.000000  0.000000 0.000000    0.000000
 0.070000 0.001125   0.018044   0.000000    0.000000   0.000000  0.000000 0.000000    0.000000
 0.075000 0.011627   0.106654   0.000000    0.000000   0.000000  0.000000 0.000000    0.000000
 0.080000 0.077008   0.415383   0.000000    0.000000   0.000000  0.000000 0.000000    0.000000
 0.085000 0.333772   1.103390   0.000000    0.000000   0.000000  0.000000 0.000000    0.000000
 0.090000 0.976513   2.102418   0.000000    0.000000   0.000000  0.000000 0.000000    0.000000
 0.095000 2.019014   3.077477   0.000000    0.000000   0.000000  0.000000 0.000000    0.000000
 0.100000 3.144879   3.750464   0.000000    0.000000   0.000000  0.000000 0.000000    0.000000
 0.105000 3.991982   4.101688   0.000000    0.000000   0.000000  0.000000 0.000000    0.000000
 0.110000 4.465914   4.242889   0.000000    0.000000   0.000000  0.000000 0.000000    0.000000
 0.115000 4.672159   4.269784   0.000000    0.000000   0.000000  0.000000 0.000000    0.000000
 0.120000 4.728251   4.234798   0.000000    0.000000   0.000000  0.000000 0.000000    0.000000
 0.125000 4.703193   4.165045   0.000000    0.000000   0.000000  0.000000 0.000000    0.000000
 0.130000 4.632571   4.075731   0.000000    0.000000   0.000000  0.000000 0.000000    0.000000
 0.135000 4.535973   3.976002   0.000000    0.000000   0.000000  0.000000 0.000000    0.000000
 0.140000 4.425081   3.871568   0.000000    0.000000   0.000000  0.330436 0.000000    0.000000
 0.145000 4.307172   3.766045   0.000000    0.000000   0.000000  3.116276 0.000000    0.000000
 0.150000 4.186876   3.661728   0.000000    0.000000   0.000000  4.123670 0.000000    0.000000
 0.155000 4.067156   3.560057   0.000000    0.000000   0.000000  4.679516 0.000000    0.000000
 0.160000 3.949893   3.461905   0.000000    0.000000   0.000000  5.007391 0.000000    0.000000
 0.165000 3.836256   3.367772   0.000000    0.000000   0.000000  5.197489 0.000000    0.000000
 0.170000 3.726938   3.277903   0.000000    0.000000   0.000000  5.297570 0.000000    0.000000
 0.175000 3.622313   3.192378   0.000007    0.000000   0.000000  5.336365 0.000000    0.000000
 0.180000 3.522536   3.111166   0.000126    0.000001   0.000000  5.332471 0.000000    0.000000
 0.185000 3.427620   3.034161   0.001354    0.000013   0.000000  5.298505 0.000000    0.000000
 0.190000 3.337484   2.961214   0.009338    0.000202   0.000000  5.243305 0.000000    0.000000
 0.195000 3.251981   2.892147   0.042252    0.002003   0.000000  5.173202 0.000000    0.000000
 0.200000 3.170931   2.826768   0.129503    0.012802   0.000000  5.092807 0.000000    0.000000
 0.205000 3.094127   2.764879   0.281777    0.053953   0.000000  5.005518 0.000000    0.000000
 0.210000 3.021355   2.706283   0.464230    0.155121   0.000000  4.913856 0.000000    0.000000
 0.215000 2.952394   2.650785   0.626060    0.319819   0.000000  4.819707 0.000000    0.000000
 0.220000 2.887030   2.598197   0.745893    0.505839   0.000000  4.724478 0.000000    0.000000
 0.225000 2.825050   2.548341   0.830917    0.664215   0.000000  4.629223 0.000000    0.000000
 0.230000 2.766251   2.501046   0.893708    0.779624   0.000000  4.534726 0.000000    0.000000
 0.235000 2.710440   2.456150   0.942374    0.861858   0.000000  4.441565 0.000000    0.000000
 0.240000 2.657432   2.413503   0.981322    0.923172   0.000000  4.350165 0.000000    0.000000
 0.245000 2.607054   2.372962   1.013150    0.971002   0.000000  4.260826 0.000000    0.000000
 0.250000 2.559142   2.334394   1.039564    1.009410   0.000000  4.173759 0.000000    0.000000
 0.255000 2.513543   2.297675   1.061761    1.040847   0.000000  4.089102 0.000000    0.000000
 0.260000 2.470114   2.262689   1.080612    1.066946   0.000000  4.006939 0.000000    0.000000
 0.265000 2.428719   2.229326   1.096775    1.088865   0.000000  3.927309 0.000000    0.000000
 0.270000 2.389235   2.197488   1.110752    1.107457   0.000001  3.850222 0.000000    0.000000
 0.275000 2.351542   2.167079   1.122936    1.123364   0.000014  3.775662 0.000000    0.000000
 0.280000 2.315533   2.138012   1.133637    1.137084   0.000180  3.703594 0.000000    0.000000
 0.285000 2.281105   2.110205   1.143103    1.149005   0.001456  3.633968 0.000000    0.000000
 0.290000 2.248163   2.083582   1.151535    1.159436   0.007570  3.566725 0.000000    0.000000
 0.295000 2.216618   2.058073   1.159095    1.168625   0.026133  3.501800 0.000000    0.000000
 0.300000 2.186388   2.033611   1.165916    1.176771   0.063011  3.439122 0.000000    0.000000
 0.305000 2.157395   2.010135   1.172110    1.184038   0.113593  3.378615 0.000000    0.000000
 0.310000 2.129568   1.987586   1.177767    1.190561   0.165730  3.320204 0.000000    0.000000
 0.315000 2.102838   1.965912   1.182963    1.196451   0.210987  3.263811 0.000000    0.000000
 0.320000 2.077144   1.945062   1.187763    1.201800   0.248213  3.209361 0.000000    0.000000
 0.325000 2.052425   1.924989   1.192219    1.206685   0.279565  3.156778 0.000000    0.000000
 0.330000 2.028628   1.905649   1.196378    1.211171   0.307101  3.105987 0.000000    0.000000
 0.335000 2.005700   1.887001   1.200277    1.215312   0.332022  3.056916 0.000000    0.000000
 0.340000 1.983594   1.869007   1.203949    1.219154   0.354981  3.009494 0.000000    0.000000
 0.345000 1.962264   1.851631   1.207421    1.222737   0.376379  2.963652 0.000000    0.000000
 0.350000 1.941667   1.834838   1.210718    1.226094   0.396487  2.919324 0.000000    0.000000
 0.355000 1.921765   1.818597   1.213860    1.229252   0.415502  2.876447 0.000000    0.000000
 0.360000 1.902519   1.802879   1.216864    1.232237   0.433575  2.834959 0.000000    0.000000
 0.365000 1.883896   1.787655   1.219745    1.235069   0.450822  2.794801 0.000000    0.000000
 0.370000 1.865861   1.772900   1.222516    1.237765   0.467338  2.755916 0.000000    0.000000
 0.375000 1.848384   1.758587   1.225189    1.240341   0.483199  2.718251 0.000000    0.000000
 0.380000 1.831436   1.744695   1.227772    1.242811   0.498469  2.681752 0.000000    0.000000
 0.385000 1.814989   1.731200   1.230274    1.245185   0.513202  2.646371 0.000000    0.000000
 0.390000 1.799018   1.718083   1.232703    1.247473   0.527443  2.612059 0.000000    0.000000
 0.395000 1.783498   1.705324   1.235065    1.249684   0.541232  2.578771 0.040739    0.000000
 0.400000 1.768406   1.692905   1.237364    1.251825   0.554604  2.546464 0.666735    0.000000
 0.405000 1.753720   1.680807   1.239607    1.253903   0.567587  2.515096 0.943405    0.000000
 0.410000 1.739420   1.669016   1.241797    1.255923   0.580208  2.484628 1.128765    0.000000
 0.415000 1.725487   1.657514   1.243937    1.257890   0.592491  2.455021 1.267574    0.000000
 0.420000 1.711902   1.646288   1.246031    1.259808   0.604456  2.426240 1.376584    0.000000
 0.425000 1.698648   1.635324   1.248081    1.261680   0.616122  2.398250 1.464493    0.000000
 0.430000 1.685709   1.624607   1.250090    1.263510   0.627505  2.371017 1.536571    0.000000
 0.435000 1.673068   1.614127   1.252060    1.265301   0.638622  2.344511 1.596322    0.000000
 0.440000 1.660711   1.603871   1.253992    1.267055   0.649485  2.318701 1.646222    0.000000
 0.445000 1.648624   1.593828   1.255889    1.268773   0.660108  2.293559 1.688099    0.000000
 0.450000 1.636794   1.583986   1.257751    1.270458   0.670501  2.269057 1.723347    0.000000
 0.455000 1.625209   1.574337   1.259580    1.272111   0.680676  2.245168 1.753056    0.000000
 0.460000 1.613855   1.564870   1.261377    1.273734   0.690642  2.221868 1.778094    0.000000
 0.465000 1.602722   1.555577   1.263142    1.275327   0.700408  2.199133 1.799164    0.000000
 0.470000 1.591800   1.546447   1.264877    1.276891   0.709982  2.176940 1.816843    0.000000
 0.475000 1.581076   1.537474   1.266582    1.278428   0.719372  2.155267 1.831608    0.000000
 0.480000 1.570543   1.528649   1.268258    1.279939   0.728585  2.134093 1.843862    0.000000
 0.485000 1.560189   1.519964   1.269905    1.281422   0.737628  2.113398 1.853939    0.000000
 0.490000 1.550007   1.511413   1.271523    1.282880   0.746507  2.093162 1.862128    0.000000
 0.495000 1.539988   1.502988   1.273114    1.284313   0.755228  2.073368 1.868672    0.000000
 0.500000 1.530124   1.494683   1.274676    1.285721   0.763796  2.053998 1.873781    0.000000
 0.505000 1.520406   1.486492   1.276212    1.287104   0.772216  2.035034 1.877637    0.000000
 0.510000 1.510827   1.478408   1.277720    1.288462   0.780493  2.016461 1.880396    0.000000
 0.515000 1.501381   1.470426   1.279201    1.289797   0.788632  1.998263 1.882193    0.000000
 0.520000 1.492060   1.462540   1.280655    1.291107   0.796637  1.980426 1.883148    0.000000
 0.525000 1.482858   1.454745   1.282083    1.292393   0.804511  1.962934 1.883363    0.000000
 0.530000 1.473769   1.447036   1.283483    1.293655   0.812260  1.945775 1.882931    0.000000
 0.535000 1.464786   1.439408   1.284858    1.294894   0.819885  1.928935 1.881929    0.000000
 0.540000 1.455903   1.431857   1.286205    1.296108   0.827391  1.912402 1.880428    0.000000
 0.545000 1.447116   1.424377   1.287527    1.297299   0.834781  1.896163 1.878491    0.000000
 0.550000 1.438418   1.416964   1.288821    1.298466   0.842058  1.880207 1.876171    0.000000
 0.555000 1.429805   1.409615   1.290090    1.299610   0.849225  1.864523 1.873516    0.000000
 0.560000 1.421272   1.402325   1.291332    1.300729   0.856285  1.849100 1.870570    0.000000
 0.565000 1.412814   1.395091   1.292547    1.301824   0.863239  1.833927 1.867369    0.000000
 0.570000 1.404426   1.387908   1.293736    1.302896   0.870092  1.818994 1.863949    0.000000
 0.575000 1.396104   1.380774   1.294899    1.303943   0.876845  1.804293 1.860337    0.000000
 0.580000 1.387843   1.373684   1.296035    1.304967   0.883500  1.789813 1.856561    0.000000
 0.585000 1.379640   1.366636   1.297145    1.305966   0.890060  1.775546 1.852645    0.000000
 0.590000 1.371491   1.359625   1.298228    1.306941   0.896526  1.761483 1.848608    0.000000
 0.595000 1.363391   1.352650   1.299285    1.307892   0.902901  1.747616 1.844470    0.000000
 0.600000 1.355336   1.345706   1.300315    1.308818   0.909187  1.733936 1.840248    0.000000
 0.605000 1.347324   1.338791   1.301318    1.309720   0.915386  1.720437 1.835955    0.000000
 0.610000 1.339351   1.331902   1.302295    1.310597   0.921499  1.707111 1.831605    0.000000
 0.615000 1.331413   1.325037   1.303245    1.311450   0.927527  1.693949 1.827209    0.160605
 0.620000 1.323507   1.318192   1.304168    1.312278   0.933474  1.680947 1.822778    0.280231
 0.625000 1.315629   1.311365   1.305064    1.313081   0.939339  1.668096 1.818321    0.376628
 0.630000 1.307777   1.304553   1.305933    1.313859   0.945126  1.655390 1.813846    0.450360
 0.635000 1.299947   1.297755   1.306776    1.314612   0.950834  1.642823 1.809360    0.510977
 0.640000 1.292137   1.290966   1.307591    1.315340   0.956466  1.630388 1.804870    0.562934
 0.645000 1.284343   1.284186   1.308380    1.316042   0.962023  1.618081 1.800380    0.608586
 0.650000 1.276563   1.277412   1.309141    1.316720   0.967506  1.605894 1.795897    0.649366
 0.655000 1.268793   1.270641   1.309875    1.317372   0.972916  1.593823 1.791424    0.686233
 0.660000 1.261032   1.263871   1.310582    1.317998   0.978255  1.581861 1.786964    0.719866
 0.665000 1.253276   1.257100   1.311262    1.318599   0.983524  1.570005 1.782522    0.750769
 0.670000 1.245522   1.250326   1.311915    1.319174   0.988724  1.558248 1.778101    0.779329
 0.675000 1.237769   1.243547   1.312540    1.319723   0.993855  1.546585 1.773701    0.805853
 0.680000 1.230013   1.236761   1.313138    1.320247   0.998920  1.535012 1.769327    0.830585
 0.685000 1.222252   1.229965   1.313708    1.320744   1.003919  1.523524 1.764979    0.853729
 0.690000 1.214484   1.223158   1.314251    1.321216   1.008853  1.512116 1.760659    0.875453
 0.695000 1.206705   1.216337   1.314766    1.321661   1.013723  1.500785 1.756368    0.895899
 0.700000 1.198914   1.209501   1.315253    1.322080   1.018529  1.489524 1.752107    0.915190
 0.705000 1.191108   1.202648   1.315713    1.322473   1.023274  1.478331 1.747878    0.933429
 0.710000 1.183285   1.195776   1.316146    1.322839   1.027957  1.467200 1.743680    0.950708
 0.715000 1.175442   1.188883   1.316550    1.323179   1.032580  1.456128 1.739514    0.967107
 0.720000 1.167577   1.181966   1.316927    1.323493   1.037143  1.445111 1.735380    0.982696
 0.725000 1.159688   1.175025   1.317276    1.323780   1.041647  1.434145 1.731279    0.997537
 0.730000 1.151771   1.168057   1.317597    1.324040   1.046093  1.423226 1.727211    1.011686
 0.735000 1.143826   1.161060   1.317890    1.324273   1.050482  1.412350 1.723175    1.025192
 0.740000 1.135849   1.154033   1.318155    1.324480   1.054814  1.401513 1.719172    1.038100
 0.745000 1.127837   1.146973   1.318391    1.324659   1.059089  1.390711 1.715201    1.050451
 0.750000 1.119790   1.139878   1.318600    1.324812   1.063310  1.379942 1.711262    1.062280
 0.755000 1.111704   1.132748   1.318781    1.324938   1.067476  1.369201 1.707354    1.073621
 0.760000 1.103576   1.125579   1.318933    1.325036   1.071588  1.358485 1.703478    1.084504
 0.765000 1.095405   1.118371   1.319057    1.325107   1.075646  1.347790 1.699632    1.094958
 0.770000 1.087188   1.111120   1.319153    1.325151   1.079652  1.337113 1.695815    1.105006
 0.775000 1.078922   1.103825   1.319221    1.325168   1.083605  1.326451 1.692029    1.114673
 0.780000 1.070605   1.096485   1.319260    1.325157   1.087507  1.315799 1.688271    1.123979
 0.785000 1.062235   1.089097   1.319270    1.325118   1.091358  1.305155 1.684542    1.132945
 0.790000 1.053808   1.081659   1.319252    1.325052   1.095158  1.294516 1.680839    1.141589
 0.795000 1.045322   1.074168   1.319206    1.324958   1.098908  1.283877 1.677164    1.149927
 0.800000 1.036774   1.066624   1.319131    1.324837   1.102609  1.273236 1.673515    1.157975
 0.805000 1.028162   1.059024   1.319027    1.324688   1.106260  1.262589 1.669891    1.165748
 0.810000 1.019483   1.051366   1.318894    1.324510   1.109863  1.251933 1.666292    1.173260
 0.815000 1.010733   1.043647   1.318733    1.324305   1.113418  1.241264 1.662717    1.180522
 0.820000 1.001910   1.035866   1.318542    1.324072   1.116926  1.230580 1.659165    1.187547
 0.825000 0.993011   1.028020   1.318323    1.323811   1.120386  1.219876 1.655635    1.194346
 0.830000 0.984033   1.020106   1.318075    1.323521   1.123799  1.209150 1.652126    1.200928
 0.835000 0.974971   1.012123   1.317798    1.323203   1.127167  1.198398 1.648639    1.207304
 0.840000 0.965824   1.004068   1.317492    1.322857   1.130488  1.187616 1.645171    1.213482
 0.845000 0.956586   0.995938   1.317156    1.322483   1.133764  1.176801 1.641723    1.219471
 0.850000 0.947256   0.987731   1.316792    1.322080   1.136995  1.165950 1.638293    1.225279
 0.855000 0.937828   0.979444   1.316398    1.321648   1.140181  1.155058 1.634880    1.230913
 0.860000 0.928300   0.971074   1.315974    1.321188   1.143322  1.144123 1.631485    1.236381
 0.865000 0.918667   0.962618   1.315522    1.320699   1.146420  1.133140 1.628106    1.241688
 0.870000 0.908924   0.954074   1.315040    1.320181   1.149474  1.122106 1.624741    1.246842
 0.875000 0.899067   0.945438   1.314528    1.319634   1.152485  1.111017 1.621392    1.251847
 0.880000 0.889092   0.936708   1.313987    1.319059   1.155453  1.099869 1.618056    1.256710
 0.885000 0.878994   0.927879   1.313416    1.318454   1.158378  1.088658 1.614733    1.261436
 0.890000 0.868767   0.918948   1.312815    1.317820   1.161261  1.077379 1.611423    1.266030
 0.895000 0.858406   0.909912   1.312185    1.317157   1.164102  1.066029 1.608124    1.270496
 0.900000 0.847905   0.900767   1.311524    1.316465   1.166902  1.054602 1.604835    1.274838
 0.905000 0.837259   0.891509   1.310834    1.315743   1.169660  1.043095 1.601557    1.279062
 0.910000 0.826460   0.882133   1.310113    1.314992   1.172377  1.031503 1.598288    1.283171
 0.915000 0.815502   0.872636   1.309363    1.314211   1.175053  1.019820 1.595028    1.287169
 0.920000 0.804377   0.863012   1.308582    1.313401   1.177689  1.008043 1.591776    1.291059
 0.925000 0.793079   0.853258   1.307771    1.312561   1.180285  0.996164 1.588531    1.294845
 0.930000 0.781597   0.843367   1.306930    1.311691   1.182840  0.984180 1.585292    1.298530
 0.935000 0.769925   0.833334   1.306058    1.310791   1.185356  0.972083 1.582060    1.302117
 0.940000 0.758051   0.823154   1.305155    1.309861   1.187833  0.959869 1.578832    1.305610
 0.945000 0.745965   0.812821   1.304222    1.308901   1.190270  0.947530 1.575609    1.309010
 0.950000 0.733657   0.802327   1.303259    1.307911   1.192668  0.935060 1.572390    1.312320
 0.955000 0.721114   0.791667   1.302264    1.306890   1.195028  0.922453 1.569174    1.315544
 0.960000 0.708323   0.780832   1.301239    1.305839   1.197349  0.909700 1.565960    1.318683
 0.965000 0.695269   0.769816   1.300182    1.304758   1.199631  0.896793 1.562749    1.321739
 0.970000 0.681936   0.758608   1.299095    1.303645   1.201876  0.883725 1.559539    1.324716
 0.975000 0.668308   0.747201   1.297976    1.302502   1.204083  0.870486 1.556329    1.327615
 0.980000 0.654364   0.735585   1.296826    1.301329   1.206252  0.857066 1.553120    1.330437
 0.985000 0.640084   0.723748   1.295645    1.300124   1.208384  0.843457 1.549910    1.333186
 0.990000 0.625443   0.711680   1.294432    1.298888   1.210478  0.829646 1.546698    1.335862
 0.995000 0.610414   0.699368   1.293187    1.297621   1.212536  0.815622 1.543486    1.338468
 1.000000 0.594967   0.686797   1.291911    1.296323   1.214556  0.801372 1.540270    1.341005
 1.005000 0.579068   0.673954   1.290603    1.294993   1.216540  0.786882 1.537052    1.343474
 1.010000 0.562676   0.660822   1.289263    1.293632   1.218488  0.772137 1.533831    1.345878
 1.015000 0.545747   0.647382   1.287891    1.292239   1.220399  0.757122 1.530605    1.348217
 1.020000 0.528227   0.633614   1.286487    1.290814   1.222274  0.741817 1.527375    1.350494
 1.025000 0.510053   0.619496   1.285050    1.289358   1.224113  0.726204 1.524140    1.352709
 1.030000 0.491150   0.605003   1.283581    1.287869   1.225916  0.710259 1.520899    1.354863
 1.035000 0.471427   0.590106   1.282080    1.286348   1.227684  0.693960 1.517652    1.356959
 1.040000 0.450772   0.574773   1.280546    1.284795   1.229416  0.677279 1.514398    1.358996
 1.045000 0.429044   0.558967   1.278979    1.283210   1.231112  0.660185 1.511137    1.360977
 1.050000 0.406061   0.542645   1.277379    1.281591   1.232774  0.642644 1.507868    1.362902
 1.055000 0.381580   0.525760   1.275746    1.279940   1.234400  0.624617 1.504590    1.364773
 1.060000 0.355257   0.508252   1.274079    1.278257   1.235992  0.606059 1.501304    1.366589
 1.065000 0.326574   0.490052   1.272379    1.276540   1.237548  0.586917 1.498009    1.368353
 1.070000 0.294633   0.471079   1.270646    1.274790   1.239070  0.567133 1.494704    1.370065
 1.075000 0.257775   0.451232   1.268879    1.273006   1.240558  0.546633 1.491388    1.371726
 1.080000 0.213413   0.430383   1.267079    1.271189   1.242011  0.525334 1.488062    1.373338
 1.085000 0.159899   0.408372   1.265244    1.269339   1.243429  0.503130 1.484724    1.374899
 1.090000 0.101463   0.384986   1.263375    1.267455   1.244814  0.479896 1.481375    1.376413
 1.095000 0.050421   0.359933   1.261472    1.265536   1.246164  0.455473 1.478013    1.377878
 1.100000 0.018212   0.332786   1.259534    1.263584   1.247481  0.429647 1.474639    1.379296
 1.105000 0.004504   0.302846   1.257562    1.261597   1.248764  0.402190 1.471251    1.380668
 1.110000 0.000731   0.268833   1.255554    1.259575   1.250013  0.372605 1.467850    1.381995
 1.115000 0.000076   0.228516   1.253512    1.257519   1.251228  0.340793 1.464435    1.383276
 1.120000 0.000005   0.179472   1.251435    1.255428   1.252410  0.305626 1.461005    1.384513
 1.125000 0.000000   0.122893   1.249322    1.253302   1.253558  0.265135 1.457559    1.385706
 1.130000 0.000000   0.068049   1.247174    1.251141   1.254673  0.219517 1.454099    1.386856
 1.135000 0.000000   0.028184   1.244989    1.248944   1.255755  0.214869 1.450622    1.387962
 1.140000 0.000000   0.008168   1.242769    1.246712   1.256803  0.007971 1.447129    1.389027
 1.145000 0.000000   0.001576   1.240513    1.244444   1.257819  0.000000 1.443619    1.390050
 1.150000 0.000000   0.000196   1.238221    1.242139   1.258801  0.000000 1.440092    1.391032
 1.155000 0.000000   0.000015   1.235891    1.239799   1.259751  0.000000 1.436547    1.391973
 1.160000 0.000000   0.000001   1.233525    1.237421   1.260667  0.000000 1.432983    1.392873
 1.165000 0.000000   0.000000   1.231122    1.235007   1.261551  0.000000 1.429401    1.393734
 1.170000 0.000000   0.000000   1.228682    1.232556   1.262402  0.000000 1.425800    1.394555
 1.175000 0.000000   0.000000   1.226204    1.230068   1.263221  0.000000 1.422179    1.395337
 1.180000 0.000000   0.000000   1.223689    1.227543   1.264006  0.000000 1.418539    1.396080
 1.185000 0.000000   0.000000   1.221135    1.224980   1.264760  0.000000 1.414877    1.396785
 1.190000 0.000000   0.000000   1.218544    1.222379   1.265481  0.000000 1.411195    1.397452
 1.195000 0.000000   0.000000   1.215914    1.219739   1.266169  0.000000 1.407492    1.398082
 1.200000 0.000000   0.000000   1.213245    1.217061   1.266825  0.000000 1.403766    1.398674
 1.205000 0.000000   0.000000   1.210537    1.214345   1.267449  0.000000 1.400019    1.399229
 1.210000 0.000000   0.000000   1.207790    1.211590   1.268040  0.000000 1.396249    1.399747
 1.215000 0.000000   0.000000   1.205004    1.208795   1.268599  0.000000 1.392455    1.400229
 1.220000 0.000000   0.000000   1.202177    1.205961   1.269126  0.000000 1.388638    1.400675
 1.225000 0.000000   0.000000   1.199311    1.203087   1.269621  0.000000 1.384798    1.401085
 1.230000 0.000000   0.000000   1.196404    1.200172   1.270084  0.000000 1.380932    1.401459
 1.235000 0.000000   0.000000   1.193456    1.197218   1.270515  0.000000 1.377042    1.401798
 1.240000 0.000000   0.000000   1.190468    1.194222   1.270914  0.000000 1.373126    1.402102
 1.245000 0.000000   0.000000   1.187438    1.191186   1.271280  0.000000 1.369185    1.402371
 1.250000 0.000000   0.000000   1.184367    1.188108   1.271615  0.000000 1.365217    1.402605
 1.255000 0.000000   0.000000   1.181253    1.184989   1.271918  0.000000 1.361222    1.402805
 1.260000 0.000000   0.000000   1.178097    1.181827   1.272189  0.000000 1.357201    1.402970
 1.265000 0.000000   0.000000   1.174899    1.178623   1.272428  0.000000 1.353151    1.403102
 1.270000 0.000000   0.000000   1.171657    1.175377   1.272635  0.000000 1.349074    1.403199
 1.275000 0.000000   0.000000   1.168373    1.172087   1.272810  0.000000 1.344968    1.403263
 1.280000 0.000000   0.000000   1.165044    1.168754   1.272953  0.000000 1.340833    1.403293
 1.285000 0.000000   0.000000   1.161671    1.165377   1.273064  0.000000 1.336668    1.403290
 1.290000 0.000000   0.000000   1.158254    1.161955   1.273144  0.000000 1.332473    1.403254
 1.295000 0.000000   0.000000   1.154792    1.158489   1.273192  0.000000 1.328248    1.403184
 1.300000 0.000000   0.000000   1.151284    1.154978   1.273208  0.000000 1.323992    1.403082
 1.305000 0.000000   0.000000   1.147731    1.151422   1.273192  0.000000 1.319704    1.402947
 1.310000 0.000000   0.000000   1.144132    1.147819   1.273144  0.000000 1.315385    1.402779
 1.315000 0.000000   0.000000   1.140485    1.144170   1.273064  0.000000 1.311032    1.402578
 1.320000 0.000000   0.000000   1.136792    1.140475   1.272953  0.000000 1.306647    1.402345
 1.325000 0.000000   0.000000   1.133052    1.136732   1.272810  0.000000 1.302228    1.402080
 1.330000 0.000000   0.000000   1.129263    1.132941   1.272635  0.000000 1.297776    1.401782
 1.335000 0.000000   0.000000   1.125425    1.129102   1.272428  0.000000 1.293288    1.401453
 1.340000 0.000000   0.000000   1.121539    1.125214   1.272189  0.000000 1.288766    1.401091
 1.345000 0.000000   0.000000   1.117603    1.121278   1.271918  0.000000 1.284208    1.400697
 1.350000 0.000000   0.000000   1.113617    1.117291   1.271615  0.000000 1.279614    1.400271
 1.355000 0.000000   0.000000   1.109581    1.113254   1.271280  0.000000 1.274983    1.399814
 1.360000 0.000000   0.000000   1.105493    1.109166   1.270914  0.000000 1.270314    1.399324
 1.365000 0.000000   0.000000   1.101354    1.105027   1.270515  0.000000 1.265608    1.398803
 1.370000 0.000000   0.000000   1.097162    1.100835   1.270084  0.000000 1.260863    1.398250
 1.375000 0.000000   0.000000   1.092917    1.096591   1.269621  0.000000 1.256079    1.397666
 1.380000 0.000000   0.000000   1.088619    1.092294   1.269126  0.000000 1.251256    1.397050
 1.385000 0.000000   0.000000   1.084266    1.087943   1.268599  0.000000 1.246392    1.396403
 1.390000 0.000000   0.000000   1.079859    1.083537   1.268040  0.000000 1.241487    1.395724
 1.395000 0.000000   0.000000   1.075396    1.079076   1.267449  0.000000 1.236541    1.395014
 1.400000 0.000000   0.000000   1.070877    1.074560   1.266825  0.000000 1.231552    1.394272
 1.405000 0.000000   0.000000   1.066300    1.069986   1.266169  0.000000 1.226521    1.393499
 1.410000 0.000000   0.000000   1.061667    1.065355   1.265481  0.000000 1.221446    1.392694
 1.415000 0.000000   0.000000   1.056974    1.060666   1.264760  0.000000 1.216327    1.391859
 1.420000 0.000000   0.000000   1.052223    1.055919   1.264006  0.000000 1.211163    1.390991
 1.425000 0.000000   0.000000   1.047411    1.051111   1.263221  0.000000 1.205953    1.390093
 1.430000 0.000000   0.000000   1.042538    1.046243   1.262402  0.000000 1.200697    1.389163
 1.435000 0.000000   0.000000   1.037604    1.041314   1.261551  0.000000 1.195394    1.388202
 1.440000 0.000000   0.000000   1.032607    1.036322   1.260667  0.000000 1.190042    1.387210
 1.445000 0.000000   0.000000   1.027546    1.031267   1.259751  0.000000 1.184643    1.386186
 1.450000 0.000000   0.000000   1.022421    1.026148   1.258801  0.000000 1.179193    1.385131
 1.455000 0.000000   0.000000   1.017231    1.020964   1.257819  0.000000 1.173694    1.384045
 1.460000 0.000000   0.000000   1.011973    1.015714   1.256803  0.000000 1.168143    1.382927
 1.465000 0.000000   0.000000   1.006649    1.010396   1.255755  0.000000 1.162540    1.381778
 1.470000 0.000000   0.000000   1.001255    1.005011   1.254673  0.000000 1.156885    1.380597
 1.475000 0.000000   0.000000   0.995792    0.999556   1.253558  0.000000 1.151176    1.379385
 1.480000 0.000000   0.000000   0.990258    0.994031   1.252410  0.000000 1.145412    1.378142
 1.485000 0.000000   0.000000   0.984652    0.988434   1.251228  0.000000 1.139592    1.376867
 1.490000 0.000000   0.000000   0.978973    0.982764   1.250013  0.000000 1.133716    1.375560
 1.495000 0.000000   0.000000   0.973219    0.977020   1.248764  0.000000 1.127782    1.374222
 1.500000 0.000000   0.000000   0.967388    0.971200   1.247481  0.000000 1.121790    1.372852
 1.505000 0.000000   0.000000   0.961481    0.965304   1.246164  0.000000 1.115737    1.371451
 1.510000 0.000000   0.000000   0.955495    0.959330   1.244814  0.000000 1.109625    1.370017
 1.515000 0.000000   0.000000   0.949428    0.953275   1.243429  0.000000 1.103450    1.368552
 1.520000 0.000000   0.000000   0.943279    0.947140   1.242011  0.000000 1.097212    1.367055
 1.525000 0.000000   0.000000   0.937047    0.940922   1.240558  0.000000 1.090910    1.365526
 1.530000 0.000000   0.000000   0.930730    0.934619   1.239070  0.000000 1.084542    1.363965
 1.535000 0.000000   0.000000   0.924326    0.928230   1.237548  0.000000 1.078108    1.362372
 1.540000 0.000000   0.000000   0.917833    0.921752   1.235992  0.000000 1.071605    1.360746
 1.545000 0.000000   0.000000   0.911250    0.915185   1.234400  0.000000 1.065033    1.359089
 1.550000 0.000000   0.000000   0.904574    0.908526   1.232774  0.000000 1.058391    1.357399
 1.555000 0.000000   0.000000   0.897803    0.901773   1.231112  0.000000 1.051676    1.355677
 1.560000 0.000000   0.000000   0.890936    0.894925   1.229416  0.000000 1.044887    1.353922
 1.565000 0.000000   0.000000   0.883969    0.887977   1.227684  0.000000 1.038023    1.352134
 1.570000 0.000000   0.000000   0.876901    0.880929   1.225916  0.000000 1.031082    1.350314
 1.575000 0.000000   0.000000   0.869729    0.873779   1.224113  0.000000 1.024063    1.348461
 1.580000 0.000000   0.000000   0.862450    0.866522   1.222274  0.000000 1.016963    1.346575
 1.585000 0.000000   0.000000   0.855062    0.859157   1.220399  0.000000 1.009781    1.344656
 1.590000 0.000000   0.000000   0.847562    0.851681   1.218488  0.000000 1.002516    1.342703
 1.595000 0.000000   0.000000   0.839946    0.844091   1.216540  0.000000 0.995164    1.340718
 1.600000 0.000000   0.000000   0.832213    0.836384   1.214556  0.000000 0.987725    1.338699
 1.605000 0.000000   0.000000   0.824357    0.828556   1.212536  0.000000 0.980195    1.336646
 1.610000 0.000000   0.000000   0.816377    0.820605   1.210478  0.000000 0.972573    1.334560
 1.615000 0.000000   0.000000   0.808267    0.812525   1.208384  0.000000 0.964857    1.332440
 1.620000 0.000000   0.000000   0.800025    0.804315   1.206252  0.000000 0.957044    1.330286
 1.625000 0.000000   0.000000   0.791645    0.795969   1.204083  0.000000 0.949132    1.328098
 1.630000 0.000000   0.000000   0.783124    0.787483   1.201876  0.000000 0.941118    1.325876
 1.635000 0.000000   0.000000   0.774458    0.778852   1.199631  0.000000 0.932999    1.323620
 1.640000 0.000000   0.000000   0.765640    0.770072   1.197349  0.000000 0.924773    1.321328
 1.645000 0.000000   0.000000   0.756665    0.761138   1.195028  0.000000 0.916437    1.319003
 1.650000 0.000000   0.000000   0.747529    0.752044   1.192668  0.000000 0.907987    1.316642
 1.655000 0.000000   0.000000   0.738224    0.742784   1.190270  0.000000 0.899419    1.314246
 1.660000 0.000000   0.000000   0.728745    0.733351   1.187833  0.000000 0.890732    1.311815
 1.665000 0.000000   0.000000   0.719085    0.723740   1.185356  0.000000 0.881921    1.309349
 1.670000 0.000000   0.000000   0.709235    0.713943   1.182840  0.000000 0.872982    1.306847
 1.675000 0.000000   0.000000   0.699189    0.703951   1.180285  0.000000 0.863911    1.304309
 1.680000 0.000000   0.000000   0.688937    0.693757   1.177689  0.000000 0.854703    1.301736
 1.685000 0.000000   0.000000   0.678470    0.683351   1.175053  0.000000 0.845356    1.299126
 1.690000 0.000000   0.000000   0.667778    0.672724   1.172377  0.000000 0.835862    1.296480
 1.695000 0.000000   0.000000   0.656850    0.661865   1.169660  0.000000 0.826218    1.293797
 1.700000 0.000000   0.000000   0.645674    0.650762   1.166902  0.000000 0.816418    1.291077
 1.705000 0.000000   0.000000   0.634236    0.639403   1.164102  0.000000 0.806457    1.288321
 1.710000 0.000000   0.000000   0.622522    0.627772   1.161261  0.000000 0.796327    1.285527
 1.715000 0.000000   0.000000   0.610517    0.615856   1.158378  0.000000 0.786023    1.282696
 1.720000 0.000000   0.000000   0.598202    0.603637   1.155453  0.000000 0.775537    1.279827
 1.725000 0.000000   0.000000   0.585557    0.591095   1.152485  0.000000 0.764862    1.276920
 1.730000 0.000000   0.000000   0.572562    0.578211   1.149474  0.000000 0.753990    1.273975
 1.735000 0.000000   0.000000   0.559190    0.564959   1.146420  0.000000 0.742912    1.270992
 1.740000 0.000000   0.000000   0.545414    0.551314   1.143322  0.000000 0.731618    1.267969
 1.745000 0.000000   0.000000   0.531203    0.537244   1.140181  0.000000 0.720099    1.264908
 1.750000 0.000000   0.000000   0.516519    0.522716   1.136995  0.000000 0.708343    1.261808
 1.755000 0.000000   0.000000   0.501321    0.507690   1.133764  0.000000 0.696339    1.258668
 1.760000 0.000000   0.000000   0.485559    0.492118   1.130488  0.000000 0.684072    1.255488
 1.765000 0.000000   0.000000   0.469175    0.475946   1.127167  0.000000 0.671529    1.252269
 1.770000 0.000000   0.000000   0.452101    0.459110   1.123799  0.000000 0.658693    1.249009
 1.775000 0.000000   0.000000   0.434252    0.441532   1.120386  0.000000 0.645548    1.245708
 1.780000 0.000000   0.000000   0.415526    0.423115   1.116926  0.000000 0.632073    1.242366
 1.785000 0.000000   0.000000   0.395792    0.403742   1.113418  0.000000 0.618248    1.238983
 1.790000 0.000000   0.000000   0.374882    0.383259   1.109863  0.000000 0.604047    1.235558
 1.795000 0.000000   0.000000   0.352574    0.361466   1.106260  0.000000 0.589444    1.232091
 1.800000 0.000000   0.000000   0.328552    0.338088   1.102609  0.000000 0.574408    1.228581
 1.805000 0.000000   0.000000   0.302340    0.312719   1.098908  0.000000 0.558903    1.225029
 1.810000 0.000000   0.000000   0.273118    0.284699   1.095158  0.000000 0.542891    1.221434
 1.815000 0.000000   0.000000   0.239367    0.252812   1.091358  0.000000 0.526323    1.217796
 1.820000 0.000000   0.000000   0.198744    0.214965   1.087507  0.000000 0.509146    1.214113
 1.825000 0.000000   0.000000   0.149701    0.168932   1.083605  0.000000 0.491296    1.210387
 1.830000 0.000000   0.000000   0.095847    0.115845   1.079652  0.000000 0.472696    1.206615
 1.835000 0.000000   0.000000   0.048224    0.064298   1.075646  0.000000 0.453254    1.202799
 1.840000 0.000000   0.000000   0.017668    0.026695   1.071588  0.000000 0.432860    1.198937
 1.845000 0.000000   0.000000   0.004432    0.007747   1.067476  0.000000 0.411380    1.195030
 1.850000 0.000000   0.000000   0.000729    0.001495   1.063310  0.000000 0.388641    1.191076
 1.855000 0.000000   0.000000   0.000076    0.000185   1.059089  0.000000 0.364336    1.187075
 1.860000 0.000000   0.000000   0.000005    0.000014   1.054814  0.000000 0.338369    1.183026
 1.865000 0.000000   0.000000   0.000000    0.000001   1.050482  0.000000 0.309864    1.178930
 1.870000 0.000000   0.000000   0.000000    0.000000   1.046093  0.000000 0.281967    1.174786
 1.875000 0.000000   0.000000   0.000000    0.000000   1.041647  0.000000 0.249795    1.170593
 1.880000 0.000000   0.000000   0.000000    0.000000   1.037143  0.000000 0.229500    1.166351
 1.885000 0.000000   0.000000   0.000000    0.000000   1.032580  0.000000 0.216685    1.162059
 1.890000 0.000000   0.000000   0.000000    0.000000   1.027957  0.000000 0.018977    1.157716
 1.895000 0.000000   0.000000   0.000000    0.000000   1.023274  0.000000 0.000000    1.153323
 1.900000 0.000000   0.000000   0.000000    0.000000   1.018529  0.000000 0.000000    1.148878
 1.905000 0.000000   0.000000   0.000000    0.000000   1.013723  0.000000 0.000000    1.144381
 1.910000 0.000000   0.000000   0.000000    0.000000   1.008853  0.000000 0.000000    1.139831
 1.915000 0.000000   0.000000   0.000000    0.000000   1.003919  0.000000 0.000000    1.135228
 1.920000 0.000000   0.000000   0.000000    0.000000   0.998920  0.000000 0.000000    1.130571
 1.925000 0.000000   0.000000   0.000000    0.000000   0.993855  0.000000 0.000000    1.125859
 1.930000 0.000000   0.000000   0.000000    0.000000   0.988724  0.000000 0.000000    1.121091
 1.935000 0.000000   0.000000   0.000000    0.000000   0.983524  0.000000 0.000000    1.116268
 1.940000 0.000000   0.000000   0.000000    0.000000   0.978255  0.000000 0.000000    1.111388
 1.945000 0.000000   0.000000   0.000000    0.000000   0.972916  0.000000 0.000000    1.106450
 1.950000 0.000000   0.000000   0.000000    0.000000   0.967506  0.000000 0.000000    1.101454
 1.955000 0.000000   0.000000   0.000000    0.000000   0.962023  0.000000 0.000000    1.096399
 1.960000 0.000000   0.000000   0.000000    0.000000   0.956466  0.000000 0.000000    1.091284
 1.965000 0.000000   0.000000   0.000000    0.000000   0.950834  0.000000 0.000000    1.086108
 1.970000 0.000000   0.000000   0.000000    0.000000   0.945126  0.000000 0.000000    1.080871
 1.975000 0.000000   0.000000   0.000000    0.000000   0.939339  0.000000 0.000000    1.075571
 1.980000 0.000000   0.000000   0.000000    0.000000   0.933474  0.000000 0.000000    1.070207
 1.985000 0.000000   0.000000   0.000000    0.000000   0.927527  0.000000 0.000000    1.064779
 1.990000 0.000000   0.000000   0.000000    0.000000   0.921499  0.000000 0.000000    1.059286
 1.995000 0.000000   0.000000   0.000000    0.000000   0.915386  0.000000 0.000000    1.053726
 2.000000 0.000000   0.000000   0.000000    0.000000   0.909187  0.000000 0.000000    1.048099
 2.005000 0.000000   0.000000   0.000000    0.000000   0.902901  0.000000 0.000000    1.042403
 2.010000 0.000000   0.000000   0.000000    0.000000   0.896526  0.000000 0.000000    1.036637
 2.015000 0.000000   0.000000   0.000000    0.000000   0.890060  0.000000 0.000000    1.030801
 2.020000 0.000000   0.000000   0.000000    0.000000   0.883500  0.000000 0.000000    1.024892
 2.025000 0.000000   0.000000   0.000000    0.000000   0.876845  0.000000 0.000000    1.018910
 2.030000 0.000000   0.000000   0.000000    0.000000   0.870092  0.000000 0.000000    1.012853
 2.035000 0.000000   0.000000   0.000000    0.000000   0.863239  0.000000 0.000000    1.006721
 2.040000 0.000000   0.000000   0.000000    0.000000   0.856285  0.000000 0.000000    1.000511
 2.045000 0.000000   0.000000   0.000000    0.000000   0.849225  0.000000 0.000000    0.994222
 2.050000 0.000000   0.000000   0.000000    0.000000   0.842058  0.000000 0.000000    0.987852
 2.055000 0.000000   0.000000   0.000000    0.000000   0.834781  0.000000 0.000000    0.981401
 2.060000 0.000000   0.000000   0.000000    0.000000   0.827391  0.000000 0.000000    0.974866
 2.065000 0.000000   0.000000   0.000000    0.000000   0.819885  0.000000 0.000000    0.968247
 2.070000 0.000000   0.000000   0.000000    0.000000   0.812260  0.000000 0.000000    0.961540
 2.075000 0.000000   0.000000   0.000000    0.000000   0.804511  0.000000 0.000000    0.954744
 2.080000 0.000000   0.000000   0.000000    0.000000   0.796637  0.000000 0.000000    0.947857
 2.085000 0.000000   0.000000   0.000000    0.000000   0.788632  0.000000 0.000000    0.940878
 2.090000 0.000000   0.000000   0.000000    0.000000   0.780493  0.000000 0.000000    0.933804
 2.095000 0.000000   0.000000   0.000000    0.000000   0.772216  0.000000 0.000000    0.926633
 2.100000 0.000000   0.000000   0.000000    0.000000   0.763796  0.000000 0.000000    0.919363
 2.105000 0.000000   0.000000   0.000000    0.000000   0.755228  0.000000 0.000000    0.911991
 2.110000 0.000000   0.000000   0.000000    0.000000   0.746507  0.000000 0.000000    0.904515
 2.115000 0.000000   0.000000   0.000000    0.000000   0.737628  0.000000 0.000000    0.896932
 2.120000 0.000000   0.000000   0.000000    0.000000   0.728585  0.000000 0.000000    0.889240
 2.125000 0.000000   0.000000   0.000000    0.000000   0.719372  0.000000 0.000000    0.881436
 2.130000 0.000000   0.000000   0.000000    0.000000   0.709982  0.000000 0.000000    0.873516
 2.135000 0.000000   0.000000   0.000000    0.000000   0.700408  0.000000 0.000000    0.865478
 2.140000 0.000000   0.000000   0.000000    0.000000   0.690642  0.000000 0.000000    0.857317
 2.145000 0.000000   0.000000   0.000000    0.000000   0.680676  0.000000 0.000000    0.849032
 2.150000 0.000000   0.000000   0.000000    0.000000   0.670501  0.000000 0.000000    0.840618
 2.155000 0.000000   0.000000   0.000000    0.000000   0.660108  0.000000 0.000000    0.832070
 2.160000 0.000000   0.000000   0.000000    0.000000   0.649485  0.000000 0.000000    0.823386
 2.165000 0.000000   0.000000   0.000000    0.000000   0.638622  0.000000 0.000000    0.814560
 2.170000 0.000000   0.000000   0.000000    0.000000   0.627505  0.000000 0.000000    0.805587
 2.175000 0.000000   0.000000   0.000000    0.000000   0.616122  0.000000 0.000000    0.796464
 2.180000 0.000000   0.000000   0.000000    0.000000   0.604456  0.000000 0.000000    0.787185
 2.185000 0.000000   0.000000   0.000000    0.000000   0.592491  0.000000 0.000000    0.777743
 2.190000 0.000000   0.000000   0.000000    0.000000   0.580208  0.000000 0.000000    0.768134
 2.195000 0.000000   0.000000   0.000000    0.000000   0.567587  0.000000 0.000000    0.758350
 2.200000 0.000000   0.000000   0.000000    0.000000   0.554604  0.000000 0.000000    0.748385
 2.205000 0.000000   0.000000   0.000000    0.000000   0.541232  0.000000 0.000000    0.738232
 2.210000 0.000000   0.000000   0.000000    0.000000   0.527443  0.000000 0.000000    0.727883
 2.215000 0.000000   0.000000   0.000000    0.000000   0.513202  0.000000 0.000000    0.717328
 2.220000 0.000000   0.000000   0.000000    0.000000   0.498469  0.000000 0.000000    0.706560
 2.225000 0.000000   0.000000   0.000000    0.000000   0.483199  0.000000 0.000000    0.695567
 2.230000 0.000000   0.000000   0.000000    0.000000   0.467338  0.000000 0.000000    0.684340
 2.235000 0.000000   0.000000   0.000000    0.000000   0.450822  0.000000 0.000000    0.672866
 2.240000 0.000000   0.000000   0.000000    0.000000   0.433575  0.000000 0.000000    0.661133
 2.245000 0.000000   0.000000   0.000000    0.000000   0.415502  0.000000 0.000000    0.649127
 2.250000 0.000000   0.000000   0.000000    0.000000   0.396487  0.000000 0.000000    0.636831
 2.255000 0.000000   0.000000   0.000000    0.000000   0.376379  0.000000 0.000000    0.624230
 2.260000 0.000000   0.000000   0.000000    0.000000   0.354981  0.000000 0.000000    0.611304
 2.265000 0.000000   0.000000   0.000000    0.000000   0.332022  0.000000 0.000000    0.598031
 2.270000 0.000000   0.000000   0.000000    0.000000   0.307101  0.000000 0.000000    0.584389
 2.275000 0.000000   0.000000   0.000000    0.000000   0.279565  0.000000 0.000000    0.570351
 2.280000 0.000000   0.000000   0.000000    0.000000   0.248213  0.000000 0.000000    0.555887
 2.285000 0.000000   0.000000   0.000000    0.000000   0.210987  0.000000 0.000000    0.540963
 2.290000 0.000000   0.000000   0.000000    0.000000   0.165730  0.000000 0.000000    0.525539
 2.295000 0.000000   0.000000   0.000000    0.000000   0.113593  0.000000 0.000000    0.509570
 2.300000 0.000000   0.000000   0.000000    0.000000   0.063011  0.000000 0.000000    0.493003
 2.305000 0.000000   0.000000   0.000000    0.000000   0.026133  0.000000 0.000000    0.475776
 2.310000 0.000000   0.000000   0.000000    0.000000   0.007570  0.000000 0.000000    0.457815
 2.315000 0.000000   0.000000   0.000000    0.000000   0.001456  0.000000 0.000000    0.439022
 2.320000 0.000000   0.000000   0.000000    0.000000   0.000180  0.000000 0.000000    0.419317
 2.325000 0.000000   0.000000   0.000000    0.000000   0.000014  0.000000 0.000000    0.398533
 2.330000 0.000000   0.000000   0.000000    0.000000   0.000001  0.000000 0.000000    0.376563
 2.335000 0.000000   0.000000   0.000000    0.000000   0.000000  0.000000 0.000000    0.352573
 2.340000 0.000000   0.000000   0.000000    0.000000   0.000000  0.000000 0.000000    0.327650
 2.345000 0.000000   0.000000   0.000000    0.000000   0.000000  0.000000 0.000000    0.299037
 2.350000 0.000000   0.000000   0.000000    0.000000   0.000000  0.000000 0.000000    0.269395
 2.355000 0.000000   0.000000   0.000000    0.000000   0.000000  0.000000 0.000000    0.221903
 2.360000 0.000000   0.000000   0.000000    0.000000   0.000000  0.000000 0.000000    0.228616
 2.365000 0.000000   0.000000   0.000000    0.000000   0.000000  0.000000 0.000000    0.188906
 2.370000 0.000000   0.000000   0.000000    0.000000   0.000000  0.000000 0.000000    0.011711
 2.375000 0.000000   0.000000   0.000000    0.000000   0.000000  0.000000 0.000000    0.000000
 2.380000 0.000000   0.000000   0.000000    0.000000   0.000000  0.000000 0.000000    0.000000
 2.385000 0.000000   0.000000   0.000000    0.000000   0.000000  0.000000 0.000000    0.000000
 2.390000 0.000000   0.000000   0.000000    0.000000   0.000000  0.000000 0.000000    0.000000
 2.395000 0.000000   0.000000   0.000000    0.000000   0.000000  0.000000 0.000000    0.000000
 2.400000 0.000000   0.000000   0.000000    0.000000   0.000000  0.000000 0.000000    0.000000
 2.405000 0.000000   0.000000   0.000000    0.000000   0.000000  0.000000 0.000000    0.000000
 2.410000 0.000000   0.000000   0.000000    0.000000   0.000000  0.000000 0.000000    0.000000
 2.415000 0.000000   0.000000   0.000000    0.000000   0.000000  0.000000 0.000000    0.000000
 2.420000 0.000000   0.000000   0.000000    0.000000   0.000000  0.000000 0.000000    0.000000
 2.425000 0.000000   0.000000   0.000000    0.000000   0.000000  0.000000 0.000000    0.000000
 2.430000 0.000000   0.000000   0.000000    0.000000   0.000000  0.000000 0.000000    0.000000
 2.435000 0.000000   0.000000   0.000000    0.000000   0.000000  0.000000 0.000000    0.000000
 2.440000 0.000000   0.000000   0.000000    0.000000   0.000000  0.000000 0.000000    0.000000
 2.445000 0.000000   0.000000   0.000000    0.000000   0.000000  0.000000 0.000000    0.000000
 2.450000 0.000000   0.000000   0.000000    0.000000   0.000000  0.000000 0.000000    0.000000
 2.455000 0.000000   0.000000   0.000000    0.000000   0.000000  0.000000 0.000000    0.000000
 2.460000 0.000000   0.000000   0.000000    0.000000   0.000000  0.000000 0.000000    0.000000
 2.465000 0.000000   0.000000   0.000000    0.000000   0.000000  0.000000 0.000000    0.000000
 2.470000 0.000000   0.000000   0.000000    0.000000   0.000000  0.000000 0.000000    0.000000
 2.475000 0.000000   0.000000   0.000000    0.000000   0.000000  0.000000 0.000000    0.000000
 2.480000 0.000000   0.000000   0.000000    0.000000   0.000000  0.000000 0.000000    0.000000
 2.485000 0.000000   0.000000   0.000000    0.000000   0.000000  0.000000 0.000000    0.000000
 2.490000 0.000000   0.000000   0.000000    0.000000   0.000000  0.000000 0.000000    0.000000
 2.495000 0.000000   0.000000   0.000000    0.000000   0.000000  0.000000 0.000000    0.000000
 2.500000 0.000000   0.000000   0.000000    0.000000   0.000000  0.000000 0.000000    0.000000
