0.0000 -1.4349 2.0000 0.0000 [1.] 7.61e-07
0.0200 -1.4150 2.0000 0.0000 [1.] 4.67e-07
0.0400 -1.3953 2.0000 0.0000 [1.] 7.69e-07
0.0600 -1.3757 2.0000 0.0000 [1.] 1.07e-06
0.0800 -1.3564 2.0000 0.0000 [1.] 1.37e-06
0.1000 -1.3372 2.0000 0.0000 [1.] 1.67e-06
0.1200 -1.3182 2.0000 0.0000 [1.] 1.96e-06
0.1400 -1.2994 2.0000 0.0000 [1.] 2.26e-06
0.1600 -1.2808 2.0000 0.0000 [1.] 2.55e-06
0.1800 -1.2624 2.0000 0.0000 [1.] 2.84e-06
0.2000 -1.2441 2.0000 0.0000 [1.] 3.13e-06
0.2200 -1.2261 2.0000 0.0000 [1.] 3.60e-06
0.2400 -1.2082 1.9999 0.0000 [1.] 3.25e-07
0.2600 -1.1905 1.9982 0.0000 [1.] 1.27e-06
0.2800 -1.1730 1.9905 0.0000 [1.] 2.14e-08
0.3000 -1.1557 1.9780 0.0000 [1.] 1.83e-07
0.3200 -1.1388 1.9632 0.0000 [1.] 4.28e-06
0.3400 -1.1223 1.9473 0.0000 [1.] 2.08e-07
0.3600 -1.1061 1.9308 0.0000 [1.] 7.29e-08
0.3800 -1.0903 1.9138 0.0000 [1.] 3.93e-08
0.4000 -1.0748 1.8966 0.0000 [1.] 1.24e-08
0.4200 -1.0597 1.8793 0.0000 [1.] 3.39e-06
0.4400 -1.0449 1.8620 0.0000 [1.] 1.23e-06
0.4600 -1.0305 1.8446 0.0000 [1.] 1.29e-07
0.4800 -1.0164 1.8272 0.0000 [1.] 1.15e-07
